

 User 0:
  set at: 2024-06-16 09:01:55
  set at: 2024-06-16 09:01:55 GMT : 0
  set by: sbs
   BrightnessConfiguration{[(0.0, 12.007395), (1.0, 17.01376), (2.0, 25.013666), (3.0, 29.989872), (4.0, 35.010357), (5.0, 39.993248), (6.0, 44.567303), (7.0, 48.96459), (9.0, 57.58169), (10.0, 61.98789), (12.0, 71.1182), (15.0, 84.99318), (18.0, 99.66505), (21.0, 111.325775), (26.0, 118.995415), (31.0, 120.037315), (37.0, 121.096085), (45.0, 123.01497), (53.0, 127.06857), (64.0, 129.93214), (77.0, 131.80362), (92.0, 133.15604), (111.0, 135.32265), (133.0, 137.6325), (160.0, 140.02808), (192.0, 142.48793), (230.0, 145.30484), (276.0, 149.32838), (331.0, 156.12778), (397.0, 166.46675), (477.0, 179.55214), (572.0, 192.91876), (687.0, 207.65482), (824.0, 224.78236), (989.0, 247.35083), (1187.0, 283.42444), (1424.0, 336.47137), (1709.0, 394.08722), (2051.0, 419.99997), (2461.0, 420.0), (2953.0, 420.0)], {}, 'sbs:0, shouldCollectColorSamples = false'}
   weight:  (60.0), (60.0), (60.0), (60.0), (60.0), (60.0), (60.0), (60.0), (60.0), (60.0), (60.0), (60.0), (60.0), (60.0), (60.0), (60.0), (60.0), (60.0), (60.0), (60.0), (60.0), (60.0), (60.0), (60.0), (60.0), (60.0), (60.0), (60.0), (60.0), (60.0), (60.0), (60.0), (60.0), (60.0), (60.0), (60.0), (60.0), (60.0), (60.0), (60.0), (60.0),
   timeWeights:  (0.0), (0.0), (0.0), (0.0), (0.0), (0.0), (0.0), (0.0), (0.0), (0.0), (0.0), (0.0), (0.0), (0.0), (0.0), (0.0), (0.0), (0.0), (0.0), (0.0), (0.0), (0.0), (0.0), (0.0), (0.0), (0.0), (0.0), (0.0), (0.0), (0.0), (0.0), (0.0), (0.0), (0.0), (0.0), (0.0), (0.0), (0.0), (0.0), (0.0), (0.0),
   continuityWeights:  (0.0), (0.0), (0.0), (0.0), (0.0), (0.0), (0.0), (0.0), (0.0), (0.0), (0.0), (0.0), (0.0), (0.0), (0.0), (0.0), (0.0), (0.0), (0.0), (0.0), (0.0), (0.0), (0.0), (0.0), (0.0), (0.0), (0.0), (0.0), (0.0), (0.0), (0.0), (0.0), (0.0), (0.0), (0.0), (0.0), (0.0), (0.0), (0.0), (0.0), (0.0), (0.0),

 User 0:
  set at: 2025-05-09 06:21:42
  set at: 2025-05-09 07:21:42 GMT : 1
  set by: sbs
   BrightnessConfiguration{[(0.0, 12.015125), (1.0, 17.02722), (2.0, 25.027218), (3.0, 29.979742), (4.0, 35.020348), (5.0, 39.98623), (6.0, 44.562836), (7.0, 48.97313), (9.0, 54.94821), (10.0, 57.392902), (12.0, 62.973026), (15.0, 71.58684), (18.0, 78.52173), (21.0, 83.61794), (26.0, 90.96131), (31.0, 91.81523), (37.0, 92.87936), (45.0, 94.94485), (53.0, 98.96093), (64.0, 102.2317), (77.0, 104.90591), (92.0, 112.87585), (111.0, 127.478195), (133.0, 137.62575), (160.0, 140.02841), (192.0, 142.49637), (230.0, 145.31134), (276.0, 149.33142), (331.0, 156.1227), (397.0, 166.4656), (477.0, 179.56213), (572.0, 192.92354), (687.0, 207.6543), (824.0, 224.7904), (989.0, 247.36642), (1187.0, 283.41632), (1424.0, 336.47562), (1709.0, 394.096), (2051.0, 419.99997), (2461.0, 420.0), (2953.0, 420.0)], {}, 'sbs:0, shouldCollectColorSamples = false'}
   weight:  (252.96321), (283.6864), (306.09323), (331.27924), (356.4652), (367.98782), (377.63083), (353.05002), (376.32642), (392.37585), (440.81604), (562.4163), (749.7631), (788.3153), (913.57935), (1018.2224), (1013.078), (940.0819), (956.0851), (786.1233), (578.62897), (420.57526), (270.60718), (139.70029), (106.57686), (88.68663), (79.686905), (76.49962), (71.606735), (72.22796), (68.97314), (66.956985), (64.589355), (62.521984), (60.052387), (60.0), (60.0), (60.0), (60.0), (60.0), (60.0),
   timeWeights:  (192.96321), (223.6864), (246.09323), (271.27924), (296.4652), (307.98782), (317.63083), (293.05002), (316.32642), (332.37585), (380.81604), (502.41632), (689.7631), (728.3153), (853.57935), (958.2224), (953.078), (880.0819), (896.0851), (726.1233), (518.62897), (360.57526), (210.6072), (79.70028), (46.576855), (28.686626), (19.686907), (16.499622), (11.606739), (12.227957), (8.973136), (6.956982), (4.5893583), (2.5219824), (0.05238539), (0.0), (0.0), (0.0), (0.0), (0.0), (0.0),
   continuityWeights:  (0.0), (0.0), (0.0), (0.0), (0.0), (0.0), (0.0), (0.0), (0.0), (0.0), (0.0), (0.0), (0.0), (0.0), (0.0), (0.0), (0.0), (0.0), (0.0), (0.0), (0.0), (0.0), (0.0), (0.0), (0.0), (0.0), (0.0), (0.0), (0.0), (0.0), (0.0), (0.0), (0.0), (0.0), (0.0), (0.0), (0.0), (0.0), (0.0), (0.0), (0.0), (0.0),

 User 0:
  set at: 2025-10-21 16:13:57
  set at: 2025-10-21 17:13:57 GMT : 1
  set by: sbs
   BrightnessConfiguration{[(0.0, 12.023204), (1.0, 17.040365), (2.0, 25.04063), (3.0, 29.969646), (4.0, 35.02997), (5.0, 39.978947), (6.0, 44.558163), (7.0, 48.981915), (9.0, 54.956055), (10.0, 57.39355), (12.0, 62.984596), (15.0, 71.59839), (18.0, 78.53199), (21.0, 83.609535), (26.0, 90.99852), (31.0, 91.96092), (37.0, 92.946236), (45.0, 95.0782), (53.0, 99.21961), (64.0, 102.72958), (77.0, 105.65054), (92.0, 113.77322), (111.0, 128.19691), (133.0, 138.25533), (160.0, 140.65044), (192.0, 143.18526), (230.0, 146.16388), (276.0, 150.1169), (331.0, 156.73972), (397.0, 166.76842), (477.0, 179.57202), (572.0, 192.92844), (687.0, 207.65382), (824.0, 224.79836), (989.0, 247.3821), (1187.0, 283.40823), (1424.0, 336.47995), (1709.0, 394.10495), (2051.0, 419.99997), (2461.0, 420.0), (2953.0, 420.0)], {}, 'sbs:0, shouldCollectColorSamples = false'}
   weight:  (402.9543), (445.6848), (476.61853), (493.11743), (509.09094), (510.76965), (519.72955), (494.46558), (512.52905), (526.1207), (576.9605), (735.50964), (933.6915), (972.15436), (1108.7258), (1239.3955), (1242.0674), (1177.8981), (1236.0353), (1098.4546), (925.53076), (869.09955), (872.7334), (848.60535), (954.5567), (985.8506), (894.80365), (751.86847), (593.43115), (420.28552), (308.5864), (227.49759), (170.52362), (138.58992), (101.06708), (61.107456), (60.0), (60.0), (60.0), (60.0), (60.0),
   timeWeights:  (149.9911), (161.99841), (170.52528), (161.83821), (152.62572), (142.78181), (142.09874), (141.41557), (136.20264), (133.74486), (136.14447), (173.09335), (183.92844), (183.83907), (195.14651), (221.17316), (228.98944), (237.8162), (279.95023), (312.33127), (346.90182), (448.5243), (602.1262), (708.905), (847.97986), (897.16394), (815.11676), (675.36884), (521.8244), (348.05756), (239.61327), (160.5406), (105.93427), (76.06793), (41.014694), (1.1074563), (0.0), (0.0), (0.0), (0.0), (0.0),
   continuityWeights:  (0.0), (0.0), (0.0), (0.0), (0.0), (0.0), (0.0), (0.0), (0.0), (0.0), (0.0), (0.0), (0.0), (0.0), (0.0), (0.0), (0.0), (0.0), (0.0), (0.0), (0.0), (0.0), (0.0), (0.0), (0.0), (0.0), (0.0), (0.0), (0.0), (0.0), (0.0), (0.0), (0.0), (0.0), (0.0), (0.0), (0.0), (0.0), (0.0), (0.0), (0.0), (0.0),

 User 0:
  set at: 2025-10-22 13:05:00
  set at: 2025-10-22 14:05:00 GMT : 1
  set by: sbs
   BrightnessConfiguration{[(0.0, 12.0269), (1.0, 17.045889), (2.0, 25.046295), (3.0, 29.965601), (4.0, 35.03346), (5.0, 39.976254), (6.0, 44.55653), (7.0, 48.984814), (9.0, 54.95783), (10.0, 57.393677), (12.0, 62.98571), (15.0, 71.599174), (18.0, 78.532616), (21.0, 83.63754), (26.0, 92.727844), (31.0, 96.423225), (37.0, 101.5534), (45.0, 109.46559), (53.0, 117.153984), (64.0, 118.61193), (77.0, 119.99262), (92.0, 122.45743), (111.0, 130.80869), (133.0, 138.25632), (160.0, 140.6505), (192.0, 143.18471), (230.0, 146.16331), (276.0, 150.11687), (331.0, 156.74097), (397.0, 166.76949), (477.0, 179.57285), (572.0, 192.92873), (687.0, 207.65382), (824.0, 224.79837), (989.0, 247.3821), (1187.0, 283.40823), (1424.0, 336.47995), (1709.0, 394.10495), (2051.0, 419.99997), (2461.0, 420.0), (2953.0, 420.0)], {}, 'sbs:0, shouldCollectColorSamples = false'}
   weight:  (717.298), (782.69666), (834.1609), (826.0425), (817.3989), (794.4603), (779.1052), (729.5263), (669.2215), (643.6513), (636.487), (787.8701), (992.3676), (1060.3145), (1845.658), (2656.122), (3439.7322), (4381.8247), (5420.24), (4704.86), (3833.7534), (2986.3296), (2014.9056), (914.1258), (1021.4011), (1050.5613), (966.72424), (826.91455), (652.88666), (460.05197), (336.4017), (241.70825), (172.27216), (139.0742), (101.07683), (61.107456), (60.0), (60.0), (60.0), (60.0), (60.0),
   timeWeights:  (314.34366), (337.01187), (357.54233), (332.92508), (308.30795), (283.6907), (259.3757), (235.06071), (156.69244), (117.53057), (59.526485), (52.360462), (58.67609), (88.16011), (177.21819), (273.9771), (355.27237), (428.67755), (476.0993), (411.37067), (319.5449), (228.19472), (139.35109), (65.520424), (66.8444), (64.71064), (71.92058), (75.04611), (59.455494), (39.766453), (27.815313), (14.210658), (1.7485416), (0.48427615), (0.00975063), (0.0), (0.0), (0.0), (0.0), (0.0), (0.0),
   continuityWeights:  (0.0), (0.0), (0.0), (0.0), (0.0), (0.0), (0.0), (0.0), (0.0), (0.0), (0.0), (0.0), (0.0), (0.0), (559.714), (1142.7495), (1842.3923), (2775.2493), (3708.106), (3195.0347), (2588.6777), (1889.0352), (1002.8211), (0.0), (0.0), (0.0), (0.0), (0.0), (0.0), (0.0), (0.0), (0.0), (0.0), (0.0), (0.0), (0.0), (0.0), (0.0), (0.0), (0.0), (0.0), (0.0),

 User 0:
  set at: 2025-11-17 13:34:29
  set at: 2025-11-17 14:34:29 GMT : 1
  set by: sbs
   BrightnessConfiguration{[(0.0, 12.035497), (1.0, 17.171148), (2.0, 25.376484), (3.0, 30.595955), (4.0, 36.045113), (5.0, 41.43835), (6.0, 46.54232), (7.0, 51.699875), (9.0, 59.934013), (10.0, 64.2234), (12.0, 68.98885), (15.0, 75.15559), (18.0, 80.863434), (21.0, 85.438194), (26.0, 93.77783), (31.0, 97.42109), (37.0, 102.697525), (45.0, 110.67274), (53.0, 118.16862), (64.0, 119.66986), (77.0, 121.033844), (92.0, 123.33012), (111.0, 131.2902), (133.0, 138.448), (160.0, 140.7089), (192.0, 143.20831), (230.0, 146.20184), (276.0, 150.15976), (331.0, 156.78879), (397.0, 166.80563), (477.0, 179.59079), (572.0, 192.93373), (687.0, 207.6533), (824.0, 224.80632), (989.0, 247.39758), (1187.0, 283.4001), (1424.0, 336.4844), (1709.0, 394.11414), (2051.0, 419.99994), (2461.0, 420.0), (2953.0, 420.0)], {}, 'sbs:0, shouldCollectColorSamples = false'}
   weight:  (3466.1226), (3405.2007), (3262.6184), (3068.2053), (2834.432), (2581.749), (2368.9358), (2102.0022), (1578.6838), (1330.897), (1372.7192), (1693.4836), (2022.6416), (2276.8523), (3356.379), (4293.237), (5120.1763), (6073.6987), (7059.8193), (6132.9424), (5080.6904), (4115.7065), (3081.1978), (1844.2892), (1904.9761), (1908.9517), (1748.4814), (1523.5691), (1339.504), (1013.0397), (750.47034), (551.8034), (372.30896), (210.11559), (147.97029), (87.60475), (74.193565), (63.5775), (61.59601), (60.04324), (60.0),
   timeWeights:  (2748.8247), (2622.5042), (2428.4575), (2242.1628), (2017.033), (1787.2887), (1589.8306), (1372.4758), (909.4624), (687.24567), (736.2322), (905.6136), (1030.274), (1216.5378), (1510.721), (1637.1149), (1680.444), (1691.8741), (1639.5793), (1428.0825), (1246.9371), (1129.3771), (1066.292), (930.1634), (883.575), (858.3903), (781.75726), (696.6546), (686.6174), (552.98773), (414.06863), (310.09515), (200.03679), (71.04138), (46.893467), (26.497297), (14.193567), (3.5775003), (1.5960068), (0.04324031), (0.0),
   continuityWeights:  (0.0), (0.0), (0.0), (0.0), (0.0), (0.0), (0.0), (0.0), (0.0), (0.0), (0.0), (0.0), (0.0), (0.0), (0.0), (0.0), (0.0), (0.0), (0.0), (0.0), (0.0), (0.0), (0.0), (0.0), (0.0), (0.0), (0.0), (0.0), (0.0), (0.0), (0.0), (0.0), (0.0), (0.0), (0.0), (0.0), (0.0), (0.0), (0.0), (0.0), (0.0), (0.0),

 User 0:
  set at: 2025-11-24 12:22:30
  set at: 2025-11-24 13:22:30 GMT : 1
  set by: sbs
   BrightnessConfiguration{[(0.0, 13.089373), (1.0, 18.096666), (2.0, 26.169006), (3.0, 31.318281), (4.0, 36.690697), (5.0, 42.005093), (6.0, 47.020752), (7.0, 52.09151), (9.0, 60.09792), (10.0, 64.22241), (12.0, 68.99071), (15.0, 75.15444), (18.0, 80.86179), (21.0, 85.43651), (26.0, 93.77724), (31.0, 97.42186), (37.0, 102.69833), (45.0, 110.67171), (53.0, 118.16847), (64.0, 119.66864), (77.0, 121.03209), (92.0, 123.328026), (111.0, 131.28856), (133.0, 138.44771), (160.0, 140.70898), (192.0, 143.20624), (230.0, 146.20015), (276.0, 150.159), (331.0, 156.79109), (397.0, 166.80824), (477.0, 179.59233), (572.0, 192.9346), (687.0, 207.65323), (824.0, 224.80759), (989.0, 247.39922), (1187.0, 283.3999), (1424.0, 336.48444), (1709.0, 394.11414), (2051.0, 419.99994), (2461.0, 420.0), (2953.0, 420.0)], {}, 'sbs:0, shouldCollectColorSamples = false'}
   weight:  (5283.62), (5135.888), (4850.72), (4501.5312), (4090.6863), (3649.544), (3269.6414), (2835.6187), (1992.4734), (1586.9545), (1620.4392), (2034.6532), (2412.3667), (2689.808), (3806.8042), (4776.2656), (5605.461), (6553.45), (7543.285), (6593.5317), (5518.538), (4519.232), (3478.6743), (2242.175), (2331.427), (2367.2996), (2162.2034), (1896.4663), (1668.3569), (1262.9435), (897.43384), (665.24054), (450.80014), (250.37569), (165.49458), (89.37364), (74.22733), (63.5775), (61.59601), (60.04324), (60.0),
   timeWeights:  (1817.4973), (1730.6874), (1588.1019), (1433.3257), (1256.2544), (1067.7948), (900.7056), (733.61646), (413.7896), (256.05753), (247.72003), (341.1696), (389.72498), (412.9557), (450.4252), (483.0287), (485.28488), (479.75128), (483.46597), (460.58926), (437.8476), (403.5252), (397.4765), (397.88593), (426.45096), (458.3479), (413.7219), (372.89716), (328.85294), (249.90381), (146.96349), (113.437126), (78.49117), (40.2601), (17.524296), (1.7688886), (0.03376923), (0.0), (0.0), (0.0), (0.0),
   continuityWeights:  (0.0), (0.0), (0.0), (0.0), (0.0), (0.0), (0.0), (0.0), (0.0), (0.0), (0.0), (0.0), (0.0), (0.0), (0.0), (0.0), (0.0), (0.0), (0.0), (0.0), (0.0), (0.0), (0.0), (0.0), (0.0), (0.0), (0.0), (0.0), (0.0), (0.0), (0.0), (0.0), (0.0), (0.0), (0.0), (0.0), (0.0), (0.0), (0.0), (0.0), (0.0), (0.0),

 User 0:
  set at: 2025-12-19 09:15:49
  set at: 2025-12-19 10:15:49 GMT : 1
  set by: sbs
   BrightnessConfiguration{[(0.0, 13.075619), (1.0, 18.084867), (2.0, 26.167522), (3.0, 31.550102), (4.0, 37.669968), (5.0, 44.37929), (6.0, 51.390465), (7.0, 56.98403), (9.0, 66.347946), (10.0, 71.54369), (12.0, 76.69781), (15.0, 81.222595), (18.0, 86.14743), (21.0, 90.32519), (26.0, 97.52816), (31.0, 99.639015), (37.0, 104.02902), (45.0, 111.495384), (53.0, 118.71455), (64.0, 120.00939), (77.0, 121.120186), (92.0, 123.33967), (111.0, 131.3017), (133.0, 138.4551), (160.0, 140.71173), (192.0, 143.19612), (230.0, 146.19186), (276.0, 150.15521), (331.0, 156.8027), (397.0, 166.82147), (477.0, 179.60172), (572.0, 192.93973), (687.0, 207.6528), (824.0, 224.81546), (989.0, 247.41466), (1187.0, 283.39175), (1424.0, 336.48904), (1709.0, 394.1234), (2051.0, 419.99985), (2461.0, 420.0), (2953.0, 420.0)], {}, 'sbs:0, shouldCollectColorSamples = false'}
   weight:  (5741.749), (5623.8237), (5341.052), (5036.31), (4666.2344), (4214.2563), (3827.7825), (3387.1882), (2517.5757), (2099.836), (2179.4788), (2551.2822), (2929.4993), (3214.8726), (4351.616), (5253.2207), (6035.1904), (6933.6636), (7874.1553), (6815.556), (5689.2954), (4698.295), (3652.3174), (2429.2896), (2567.004), (2649.408), (2464.6458), (2232.0203), (1975.3693), (1506.9523), (1065.3933), (770.58154), (489.0748), (258.55518), (165.65237), (89.37364), (74.22733), (63.5775), (61.59601), (60.04324), (60.0),
   timeWeights:  (458.12915), (487.93564), (490.33148), (534.7788), (575.5479), (564.7124), (558.14105), (551.5696), (525.10223), (512.88135), (559.03955), (516.6291), (517.13257), (525.0646), (544.812), (476.955), (429.72958), (380.2134), (330.8702), (222.02458), (170.75732), (179.06297), (173.6431), (187.11456), (235.57684), (282.10837), (302.44244), (335.554), (307.01236), (244.00879), (167.95944), (105.34101), (38.274647), (8.179502), (0.1577968), (0.0), (0.0), (0.0), (0.0), (0.0), (0.0),
   continuityWeights:  (0.0), (0.0), (0.0), (0.0), (0.0), (0.0), (0.0), (0.0), (0.0), (0.0), (0.0), (0.0), (0.0), (0.0), (0.0), (0.0), (0.0), (0.0), (0.0), (0.0), (0.0), (0.0), (0.0), (0.0), (0.0), (0.0), (0.0), (0.0), (0.0), (0.0), (0.0), (0.0), (0.0), (0.0), (0.0), (0.0), (0.0), (0.0), (0.0), (0.0), (0.0), (0.0),