Start : 973672291, 29714.120232sec

Sleep Statics
===== Client : 0 - WCN =====
Time Sleep : 567107337128
Time Awake : 2605322548
Sleep : 99.542695% Awake : 0.457305%
Log available 18 ~ 29690sec
Client : 0, Discarded : 0
Client : 0, Discarded Time : 0

Time sclk	Time sec	Status	Duration
===== Client : 0 - WCN =====
00000348560440	00018.154190	S	0.154124
00000351519616	00018.308313	W	15.145578
00000642314716	00033.453891	S	0.458562
00000651119104	00033.912453	W	0.015351
00000651413852	00033.927805	S	0.042602
00000652231804	00033.970406	W	0.015410
00000652527680	00033.985817	S	1.924696
00000689481840	00035.910513	W	0.047059
00000690385364	00035.957571	S	0.046917
00000691286164	00036.004488	W	0.030144
00000691864928	00036.034632	S	0.323388
00000698073984	00036.358020	W	0.015346
00000698368632	00036.373366	S	4.940601
00000793228180	00041.313968	W	0.015439
00000793524616	00041.329407	S	6.243951
00000913408476	00047.573358	W	0.015535
00000913706744	00047.588893	S	0.676870
00000926702656	00048.265763	W	1.686750
00000959088248	00049.952513	S	0.359992
00000966000104	00050.312505	W	0.015489
00000966297496	00050.327995	S	28.999830
00001523094228	00079.327824	W	0.013350
00001523350552	00079.341175	S	61.429739
00002702801540	00140.770914	W	0.013794
00002703066376	00140.784707	S	61.423723
00003882401856	00202.208430	W	0.013266
00003882656556	00202.221696	S	61.480902
00005063089868	00263.702597	W	0.014182
00005063362160	00263.716779	S	61.372767
00006241719288	00325.089546	W	0.013625
00006241980884	00325.103171	S	61.427666
00007421392072	00386.530837	W	0.013676
00007421654656	00386.544513	S	61.430731
00008601124684	00447.975244	W	0.013894
00008601391448	00447.989138	S	61.421895
00009780691832	00509.411033	W	0.013837
00009780957500	00509.424870	S	61.446467
00010960729660	00570.871336	W	0.014920
00010961016128	00570.886257	S	61.416273
00012140208564	00632.302529	W	0.013686
00012140471336	00632.316215	S	61.431469
00013319955536	00693.747684	W	0.014710
00013320237972	00693.762394	S	61.481869
00014500689856	00755.244263	W	0.013940
00014500957512	00755.258204	S	61.351716
00015678910464	00816.609920	W	0.013544
00015679170516	00816.623464	S	61.425685
00016858543660	00878.049149	W	0.013717
00016858807020	00878.062866	S	61.427990
00018038224428	00939.490856	W	0.013591
00018038485368	00939.504446	S	61.423465
00019217815904	01000.927912	W	0.013464
00019218074408	01000.941375	S	61.425838
00020397450492	01062.367213	W	0.014607
00020397730952	01062.381820	S	61.446186
00021577497724	01123.828006	W	0.014950
00021577784756	01123.842956	S	61.436505
00022757365660	01185.279461	W	0.015389
00022757661124	01185.294850	S	61.424813
00023937017524	01246.719663	W	0.014993
00023937305388	01246.734656	S	61.440424
00025116961532	01308.175080	W	0.013934
00025117229072	01308.189014	S	52.926450
00026133416920	01361.115465	W	0.013021
00026133666924	01361.128486	S	61.145315
00027307656968	01422.273800	W	0.004859
00027307750256	01422.278659	S	0.001667
00027307782260	01422.280326	W	0.512819
00027317628384	01422.793145	S	3.427540
00027383437160	01426.220685	W	3.495323
00027450547356	01429.716008	S	0.766852
00027465270908	01430.482860	W	0.014062
00027465540892	01430.496921	S	27.908884
00028001391464	01458.405805	W	0.012642
00028001634196	01458.418448	S	1618.242816
00059071896268	03076.661264	W	0.005583
00059072003464	03076.666847	S	0.000737
00059072017616	03076.667584	W	0.325536
00059078267908	03076.993120	S	3.302643
00059141678660	03080.295764	W	0.014650
00059141959936	03080.310413	S	0.012570
00059142201284	03080.322984	W	0.006077
00059142317972	03080.329061	S	86.503990
00060803194576	03166.833051	W	0.004530
00060803281544	03166.837580	S	0.001497
00060803310280	03166.839077	W	0.269178
00060808478492	03167.108255	S	0.027874
00060809013664	03167.136128	W	0.014185
00060809286012	03167.150313	S	352.088204
00067569379532	03519.238517	W	0.004126
00067569458752	03519.242643	S	0.000680
00067569471804	03519.243323	W	1.749893
00067603069752	03520.993216	S	7.362281
00067744425552	03528.355498	W	0.013987
00067744694100	03528.369484	S	0.001668
00067744726124	03528.371152	W	0.014374
00067745002104	03528.385526	S	115.856145
00069969440092	03644.241671	W	0.005272
00069969541316	03644.246944	S	0.000809
00069969556856	03644.247753	W	0.144698
00069972335064	03644.392451	S	0.057160
00069973432536	03644.449611	W	0.014523
00069973711380	03644.464134	S	0.010674
00069973916328	03644.474809	W	0.014739
00069974199320	03644.489548	S	1397.736801
00096810745900	05042.226349	W	0.005536
00096810852188	05042.231885	S	0.001073
00096810872788	05042.232958	W	0.360201
00096817788640	05042.593158	S	18.969442
00097182001924	05061.562600	W	0.014069
00097182272048	05061.576669	S	58.319266
00098302001948	05119.895935	W	0.013822
00098302267336	05119.909757	S	0.009457
00098302448908	05119.919214	W	0.013932
00098302716404	05119.933146	S	448.293521
00106909952012	05568.226667	W	0.004091
00106910030552	05568.230758	S	0.000675
00106910043508	05568.231433	W	0.361941
00106916992780	05568.593374	S	0.921362
00106934682928	05569.514736	W	0.013554
00106934943172	05569.528290	S	0.021939
00106935364408	05569.550230	W	0.013906
00106935631404	05569.564136	S	657.477338
00119559196300	06227.041474	W	0.005653
00119559304844	06227.047127	S	0.000736
00119559318980	06227.047864	W	0.345551
00119565953556	06227.393414	S	0.907195
00119583371692	06228.300609	W	0.014090
00119583642228	06228.314699	S	0.006651
00119583769936	06228.321351	W	0.005699
00119583879352	06228.327050	S	88.887877
00121290526588	06317.214926	W	0.004334
00121290609800	06317.219260	S	0.001489
00121290638388	06317.220749	W	0.172416
00121293948780	06317.393166	S	0.017192
00121294278872	06317.410358	W	0.013742
00121294542728	06317.424100	S	733.917889
00135385766204	07051.341990	W	0.005566
00135385873072	07051.347556	S	0.000724
00135385886964	07051.348279	W	0.245102
00135390592924	07051.593381	S	1.025778
00135410287856	07052.619159	W	0.014434
00135410564996	07052.633594	S	0.012940
00135410813452	07052.646534	W	0.005824
00135410925280	07052.652358	S	46.050990
00136295104292	07098.703349	W	0.005425
00136295208456	07098.708774	S	0.000734
00136295222556	07098.709508	W	0.170338
00136298493036	07098.879846	S	0.020981
00136298895864	07098.900826	W	0.014438
00136299173064	07098.915264	S	29.865983
00136872599944	07128.781247	W	0.005549
00136872706480	07128.786796	S	0.000768
00136872721220	07128.787564	W	0.159514
00136875783896	07128.947078	S	0.010668
00136875988724	07128.957746	W	0.006688
00136876117128	07128.964434	S	12.585706
00137117762676	07141.550139	W	0.004771
00137117854288	07141.554911	S	0.001523
00137117883528	07141.556434	W	0.208030
00137121877696	07141.764463	S	0.018790
00137122238460	07141.783253	W	0.014085
00137122508896	07141.797338	S	73.874010
00138540889880	07215.671348	W	0.005274
00138540991140	07215.676622	S	0.001472
00138541019404	07215.678094	W	0.114832
00138543224180	07215.792926	S	0.035730
00138543910192	07215.828656	W	0.014110
00138544181100	07215.842766	S	0.012601
00138544423044	07215.855367	W	0.006976
00138544556984	07215.862343	S	5.465333
00138649491372	07221.327676	W	0.005533
00138649597612	07221.333209	S	0.000785
00138649612676	07221.333994	W	0.192895
00138653316256	07221.526888	S	0.011599
00138653538964	07221.538488	W	0.014109
00138653809848	07221.552596	S	84.442313
00140275102256	07305.994909	W	0.004298
00140275184784	07305.999208	S	0.001465
00140275212916	07306.000673	W	0.158410
00140278254388	07306.159083	S	0.020881
00140278655312	07306.179964	W	0.013970
00140278923532	07306.193934	S	412.483127
00148198599572	07718.677061	W	0.005403
00148198703312	07718.682464	S	0.000646
00148198715720	07718.683110	W	0.315804
00148204779152	07718.998914	S	0.945056
00148222924232	07719.943970	W	0.014734
00148223207128	07719.958705	S	0.010902
00148223416448	07719.969607	W	0.006344
00148223538256	07719.975951	S	28.704811
00148774670620	07748.680761	W	0.005017
00148774766948	07748.685779	S	0.000669
00148774779784	07748.686447	W	0.299538
00148780530904	07748.985985	S	0.000918
00148780548532	07748.986903	W	0.012011
00148780779144	07748.998914	S	455.569828
00157527719836	08204.568741	W	0.004782
00157527811648	08204.573523	S	0.001550
00157527841404	08204.575073	W	0.017378
00157528175060	08204.592451	S	55.204795
00158588107116	08259.797246	W	0.013627
00158588368760	08259.810873	S	61.428143
00159767789104	08321.239016	W	0.014956
00159768076268	08321.253972	S	61.438333
00160947692264	08382.692305	W	0.015279
00160947985628	08382.707585	S	61.411675
00162127089792	08444.119260	W	0.014988
00162127377552	08444.134248	S	61.423786
00163306714236	08505.558033	W	0.013805
00163306979284	08505.571838	S	61.427011
00164486377904	08566.998849	W	0.013362
00164486634456	08567.012211	S	61.440641
00165666294768	08628.452853	W	0.015260
00165666587756	08628.468112	S	24.363813
00166134372960	08652.831925	W	3.502019
00166201611728	08656.333944	S	33.553090
00166845831048	08689.887034	W	0.014936
00166846117812	08689.901969	S	61.416138
00168025307656	08751.318107	W	0.014721
00168025590300	08751.332828	S	58.837191
00169155264372	08810.170019	W	0.013518
00169155523924	08810.183538	S	0.000964
00169155542436	08810.184502	W	0.014586
00169155822480	08810.199087	S	104.996383
00171171753040	08915.195471	W	0.004565
00171171840684	08915.200036	S	0.001512
00171171869724	08915.201548	W	0.171756
00171175167444	08915.373304	S	0.016067
00171175475940	08915.389372	W	0.013588
00171175736832	08915.402960	S	12.057877
00171407248064	08927.460837	W	0.005667
00171407356880	08927.466504	S	0.000942
00171407374960	08927.467446	W	0.124982
00171409774624	08927.592428	S	0.025302
00171410260424	08927.617730	W	0.014498
00171410538784	08927.632228	S	0.002374
00171410584360	08927.634602	W	0.014897
00171410870384	08927.649499	S	0.265788
00171415973508	08927.915287	W	0.005756
00171416084032	08927.921043	S	0.000644
00171416096400	08927.921688	W	0.271149
00171421302468	08928.192837	S	0.079255
00171422824160	08928.272092	W	0.015083
00171423113748	08928.287174	S	0.005778
00171423224688	08928.292952	W	0.015125
00171423515080	08928.308077	S	1.059816
00171443863548	08929.367893	W	0.005642
00171443971884	08929.373536	S	0.000731
00171443985928	08929.374267	W	0.018274
00171444336780	08929.392541	S	1.080699
00171465086200	08930.473240	W	0.014584
00171465366208	08930.487823	S	10.732302
00171671426400	08941.220125	W	0.014932
00171671713100	08941.235057	S	0.006394
00171671835864	08941.241451	W	0.006564
00171671961892	08941.248015	S	2.213382
00171714458836	08943.461398	W	0.005478
00171714564020	08943.466876	S	0.000651
00171714576528	08943.467528	W	0.325218
00171720820720	08943.792746	S	7.777381
00171870146440	08951.570127	W	0.014916
00171870432828	08951.585043	S	0.005042
00171870529628	08951.590085	W	0.015225
00171870821944	08951.605310	S	2.064102
00171910452708	08953.669412	W	0.005488
00171910558076	08953.674900	S	0.000687
00171910571276	08953.675587	W	0.917256
00171928182588	08954.592843	S	0.335981
00171934633428	08954.928824	W	0.015104
00171934923416	08954.943928	S	0.016061
00171935231792	08954.959989	W	0.006064
00171935348224	08954.966053	S	1.711240
00171968204028	08956.677293	W	0.005791
00171968315212	08956.683084	S	0.000694
00171968328540	08956.683778	W	0.309037
00171974262056	08956.992815	S	4.538388
00172061399100	08961.531203	W	0.015083
00172061688696	08961.546286	S	0.002250
00172061731896	08961.548536	W	0.006609
00172061858784	08961.555145	S	7.214326
00172200373848	08968.769471	W	0.005599
00172200481348	08968.775070	S	0.000680
00172200494412	08968.775751	W	0.217206
00172204664768	08968.992957	S	15.919493
00172510319028	08984.912449	W	0.015297
00172510612728	08984.927746	S	12.431706
00172749301484	08997.359452	W	0.005641
00172749409800	08997.365094	S	0.000722
00172749423660	08997.365816	W	0.426645
00172757615244	08997.792461	S	2.224687
00172800329240	09000.017148	W	0.113685
00172802511984	09000.130833	S	0.227777
00172806885296	09000.358609	W	0.015554
00172807183936	09000.374163	S	16.367677
00173121443344	09016.741841	W	0.013859
00173121709440	09016.755700	S	61.426754
00174301103120	09078.182454	W	0.014435
00174301380268	09078.196889	S	61.428534
00175480808128	09139.625423	W	0.014239
00175481081516	09139.639662	S	61.422130
00176660386408	09201.061792	W	0.013924
00176660653748	09201.075716	S	61.429220
00177840094776	09262.504936	W	0.014108
00177840365648	09262.519044	S	61.425667
00179019738456	09323.944711	W	0.014117
00179020009512	09323.958829	S	61.422936
00180199329880	09385.381765	W	0.014008
00180199598840	09385.395773	S	61.453723
00181379510320	09446.849496	W	0.014340
00181379785648	09446.863836	S	61.455292
00182559727252	09508.319128	W	0.014095
00182559997868	09508.333222	S	61.387576
00183738639332	09569.720799	W	0.014165
00183738911308	09569.734964	S	46.729300
00184636113868	09616.464264	W	0.014162
00184636385784	09616.478426	S	0.001801
00184636420364	09616.480227	W	0.004901
00184636514472	09616.485129	S	104.710296
00186646952160	09721.195425	W	0.004111
00186647031088	09721.199536	S	0.000682
00186647044184	09721.200218	W	0.173059
00186650366912	09721.373277	S	0.024478
00186650836892	09721.397755	W	0.005672
00186650945796	09721.403427	S	263.275672
00191705838700	09984.679099	W	0.005610
00191705946408	09984.684709	S	0.000746
00191705960724	09984.685454	W	0.107255
00191708020016	09984.792709	S	1.160377
00191730299252	09985.953086	W	0.014023
00191730568496	09985.967109	S	0.016391
00191730883208	09985.983500	W	0.014190
00191731155648	09985.997690	S	0.443816
00191739676912	09986.441506	W	0.005745
00191739787224	09986.447251	S	0.000736
00191739801360	09986.447987	W	0.145047
00191742586260	09986.593034	S	0.032091
00191743202408	09986.625125	W	0.014672
00191743484116	09986.639798	S	0.012480
00191743723736	09986.652278	W	0.014372
00191743999672	09986.666650	S	88.284693
00193439065784	10074.951343	W	0.004625
00193439154576	10074.955968	S	0.001479
00193439182980	10074.957447	W	0.166870
00193442386876	10075.124316	S	0.018085
00193442734116	10075.142402	W	0.013936
00193443001684	10075.156338	S	369.350796
00200534536964	10444.507134	W	0.004628
00200534625820	10444.511761	S	0.001521
00200534655028	10444.513283	W	0.479144
00200543854588	10444.992426	S	11.294524
00200760709456	10456.286951	W	0.015192
00200761001136	10456.302143	S	61.421643
00201940296688	10517.723786	W	0.015218
00201940588880	10517.739004	S	61.429032
00203120026300	10579.168036	W	0.014124
00203120297472	10579.182160	S	0.000833
00203120313460	10579.182993	W	0.016122
00203120623008	10579.199115	S	61.406683
00204299631316	10640.605798	W	0.015187
00204299922900	10640.620984	S	61.416067
00205479111392	10702.037052	W	0.014172
00205479383492	10702.051224	S	61.436948
00206658972900	10763.488172	W	0.015404
00206659268664	10763.503576	S	61.413378
00207838405516	10824.916954	W	0.014819
00207838690048	10824.931773	S	61.424456
00209018039608	10886.356230	W	0.014844
00209018324616	10886.371074	S	61.429199
00210197765244	10947.800273	W	0.013902
00210198032168	10947.814175	S	61.423027
00211377354284	11009.237202	W	0.014699
00211377636512	11009.251902	S	61.425363
00212557003488	11070.677265	W	0.014190
00212557275944	11070.691455	S	53.298266
00213580602660	11123.989722	W	0.015870
00213580907368	11124.005592	S	0.822316
00213596695832	11124.827908	W	0.016277
00213597008352	11124.844185	S	6.740488
00213726425712	11131.584672	W	0.015689
00213726726936	11131.600361	S	0.550663
00213737299664	11132.151024	W	0.015086
00213737589320	11132.166110	S	0.154652
00213740558644	11132.320763	W	0.015749
00213740861024	11132.336512	S	9.814462
00213929298688	11142.150973	W	0.015102
00213929588644	11142.166075	S	0.004097
00213929667312	11142.170173	W	0.015482
00213929964564	11142.185654	S	2.054868
00213969418024	11144.240522	W	0.014445
00213969695376	11144.254967	S	0.008077
00213969850452	11144.263044	W	0.014243
00213970123916	11144.277287	S	2.079550
00214010051268	11146.356837	W	0.014437
00214010328452	11146.371274	S	0.015491
00214010625872	11146.386764	W	0.005407
00214010729692	11146.392171	S	0.001861
00214010765416	11146.394032	W	0.399349
00214018432908	11146.793381	S	6.709342
00214147252284	11153.502723	W	0.014285
00214147526548	11153.517008	S	0.001894
00214147562908	11153.518901	W	0.013814
00214147828136	11153.532715	S	6.483784
00214272316780	11160.016499	W	0.013692
00214272579672	11160.030191	S	0.004335
00214272662908	11160.034526	W	0.005417
00214272766924	11160.039944	S	0.000671
00214272779816	11160.040615	W	0.352381
00214279545540	11160.392997	S	12.550625
00214520517548	11172.943622	W	0.014383
00214520793696	11172.958005	S	0.004377
00214520877740	11172.962382	W	0.014157
00214521149564	11172.976540	S	20.584092
00214916364132	11193.560632	W	0.014072
00214916634316	11193.574704	S	5.089652
00215014355632	11198.664356	W	0.013973
00215014623916	11198.678329	S	0.002926
00215014680088	11198.681255	W	0.014410
00215014956764	11198.695665	S	3.597926
00215084036944	11202.293591	W	0.005853
00215084149328	11202.299444	S	0.001071
00215084169896	11202.300515	W	0.164929
00215087336532	11202.465444	S	0.004611
00215087425064	11202.470055	W	0.015118
00215087715336	11202.485174	S	8.474839
00215250432244	11210.960013	W	0.005757
00215250542788	11210.965770	S	0.000798
00215250558112	11210.966568	W	0.426669
00215258750164	11211.393238	S	0.018489
00215259105160	11211.411727	W	0.014449
00215259382588	11211.426176	S	0.020629
00215259778664	11211.446805	W	0.005687
00215259887852	11211.452492	S	0.001782
00215259922068	11211.454274	W	0.539042
00215270271668	11211.993316	S	4.189263
00215350705524	11216.182579	W	0.014083
00215350975924	11216.196663	S	0.001867
00215351011764	11216.198529	W	0.013639
00215351273624	11216.212168	S	6.250060
00215471274784	11222.462228	W	0.004677
00215471364576	11222.466905	S	0.001566
00215471394644	11222.468471	W	0.124104
00215473777448	11222.592575	S	0.022086
00215474201496	11222.614661	W	0.013488
00215474460472	11222.628150	S	0.003327
00215474524352	11222.631477	W	0.013961
00215474792404	11222.645438	S	1.123349
00215496360696	11223.768786	W	0.005669
00215496469544	11223.774455	S	0.000883
00215496486500	11223.775339	W	0.190326
00215500140752	11223.965664	S	0.010247
00215500337492	11223.975911	W	0.005983
00215500452372	11223.981894	S	0.125465
00215502861292	11224.107359	W	0.005692
00215502970588	11224.113051	S	0.000880
00215502987480	11224.113931	W	0.078922
00215504502784	11224.192853	S	0.216856
00215508666420	11224.409709	W	0.014503
00215508944880	11224.424213	S	0.012141
00215509177992	11224.436354	W	0.013864
00215509444188	11224.450218	S	2.060975
00215549014916	11226.511194	W	0.014412
00215549291632	11226.525606	S	0.007088
00215549427720	11226.532694	W	0.005804
00215549539152	11226.538497	S	6.812440
00215680338008	11233.350938	W	0.005860
00215680450516	11233.356798	S	0.000972
00215680469188	11233.357770	W	0.204565
00215684396836	11233.562335	S	0.020465
00215684789772	11233.582801	W	0.006624
00215684916952	11233.589425	S	0.000719
00215684930760	11233.590144	W	0.202861
00215688825696	11233.793005	S	0.548088
00215699348980	11234.341093	W	0.014320
00215699623924	11234.355413	S	0.012864
00215699870916	11234.368277	W	0.014093
00215700141504	11234.382370	S	0.000677
00215700154496	11234.383047	W	0.015371
00215700449616	11234.398418	S	5.083965
00215798061748	11239.482383	W	0.012986
00215798311072	11239.495368	S	0.000813
00215798326676	11239.496181	W	0.005399
00215798430340	11239.501580	S	0.000647
00215798442764	11239.502227	W	2.095767
00215838681488	11241.597994	S	0.003674
00215838752032	11241.601668	W	0.013177
00215839005032	11241.614845	S	3.277864
00215901940016	11244.892709	W	0.014549
00215902219356	11244.907258	S	0.005727
00215902329324	11244.912986	W	0.005530
00215902435504	11244.918516	S	0.001747
00215902469040	11244.920262	W	0.004765
00215902560528	11244.925027	S	0.001606
00215902591372	11244.926634	W	0.266878
00215907715436	11245.193512	S	6.227523
00216027283872	11251.421035	W	0.014580
00216027563812	11251.435615	S	0.001707
00216027596580	11251.437322	W	0.015755
00216027899084	11251.453077	S	7.217566
00216166476348	11258.670643	W	0.005607
00216166584008	11258.676250	S	0.001000
00216166603216	11258.677251	W	0.315749
00216172665588	11258.992999	S	0.227415
00216177031952	11259.220414	W	0.013905
00216177298928	11259.234319	S	0.004741
00216177389956	11259.239060	W	0.014108
00216177660836	11259.253169	S	2.050143
00216217023576	11261.303311	W	0.015214
00216217315692	11261.318526	S	0.007673
00216217463020	11261.326199	W	0.015405
00216217758792	11261.341604	S	306.526432
00222103066288	11567.868036	W	0.005711
00222103175936	11567.873747	S	0.000782
00222103190952	11567.874529	W	0.118344
00222105463152	11567.992873	S	1.146955
00222127484688	11569.139827	W	0.013535
00222127744568	11569.153363	S	0.019295
00222128115036	11569.172658	W	0.005294
00222128216688	11569.177953	S	89.123794
00223839393524	11658.301746	W	0.004311
00223839476288	11658.306057	S	0.001485
00223839504792	11658.307541	W	0.192171
00223843194484	11658.499713	S	0.014356
00223843470124	11658.514069	W	0.006089
00223843587028	11658.520158	S	1448.940417
00251663243032	13107.460575	W	0.005558
00251663349752	13107.466133	S	0.000738
00251663363924	13107.466871	W	0.526244
00251673467812	13107.993115	S	23.555510
00252125733600	13131.548625	W	0.014093
00252126004192	13131.562718	S	10.027990
00252318541604	13141.590709	W	0.013891
00252318808312	13141.604600	S	0.000685
00252318821460	13141.605284	W	0.015007
00252319109588	13141.620291	S	2.041237
00252358301348	13143.661529	W	0.015390
00252358596828	13143.676918	S	0.010102
00252358790792	13143.687020	W	0.005178
00252358890212	13143.692199	S	54.128408
00253398155636	13197.820606	W	0.004440
00253398240892	13197.825046	S	0.001503
00253398269752	13197.826550	W	0.181036
00253401745644	13198.007586	S	0.018967
00253402109808	13198.026552	W	0.014859
00253402395108	13198.041412	S	102.113421
00255362972792	13300.154833	W	0.004493
00255363059056	13300.159326	S	0.001597
00255363089716	13300.160923	W	0.031510
00255363694716	13300.192433	S	0.113870
00255365881020	13300.306303	W	0.013772
00255366145440	13300.320075	S	0.003311
00255366209008	13300.323386	W	0.004550
00255366296372	13300.327936	S	1353.159963
00281346967668	14653.487899	W	0.005634
00281347075848	14653.493534	S	0.000703
00281347089352	14653.494237	W	0.498388
00281356658408	14653.992625	S	2.022052
00281395481800	14656.014677	W	1.713418
00281428379420	14657.728095	S	44.170671
00282276456300	14701.898766	W	0.015008
00282276744452	14701.913774	S	61.401123
00283455646020	14763.314897	W	0.015273
00283455939268	14763.330170	S	61.423512
00284635270700	14824.753682	W	0.015284
00284635564160	14824.768967	S	61.427973
00285814981232	14886.196939	W	0.015101
00285815271180	14886.212041	S	61.432895
00286994782768	14947.644936	W	0.015146
00286995073576	14947.660082	S	14.356932
00287270726672	14962.017014	W	1.707588
00287303512360	14963.724602	S	45.381173
00288174830876	15009.105775	W	0.015387
00288175126304	15009.121162	S	61.394415
00289353899076	15070.515577	W	0.014156
00289354170876	15070.529733	S	61.469422
00290534383776	15131.999155	W	0.014169
00290534655824	15132.013324	S	61.400386
00291713543236	15193.413710	W	0.014102
00291713813996	15193.427812	S	61.408521
00292892857596	15254.836333	W	0.013902
00292893124524	15254.850236	S	5.125214
00292991528632	15259.975450	W	0.014080
00292991798968	15259.989530	S	0.005903
00292991912308	15259.995433	W	0.005683
00292992021416	15260.001115	S	2.436126
00293038795044	15262.437242	W	0.005727
00293038905008	15262.442969	S	0.000896
00293038922204	15262.443865	W	0.148987
00293041782748	15262.592851	S	5.526407
00293147889756	15268.119258	W	1.691919
00293180374604	15269.811177	S	48.730192
00294115994292	15318.541369	W	0.014400
00294116270776	15318.555770	S	42.443194
00294931180108	15360.998964	W	0.013891
00294931446808	15361.012855	S	0.004111
00294931525744	15361.016966	W	0.014224
00294931798844	15361.031190	S	24.295017
00295398263172	15385.326207	W	0.005900
00295398376456	15385.332107	S	0.000916
00295398394036	15385.333023	W	0.459471
00295407215880	15385.792494	S	0.704617
00295420744528	15386.497111	W	0.014285
00295421018800	15386.511396	S	0.009894
00295421208768	15386.521290	W	0.005934
00295421322704	15386.527224	S	0.001688
00295421355116	15386.528912	W	0.004686
00295421445096	15386.533599	S	0.001628
00295421476360	15386.535227	W	0.458114
00295430272152	15386.993341	S	1.603149
00295461052616	15388.596490	W	0.015771
00295461355416	15388.612261	S	0.019982
00295461739072	15388.632243	W	0.013915
00295462006248	15388.646159	S	2.073591
00295501819192	15390.719750	W	0.014034
00295502088636	15390.733783	S	0.018322
00295502440416	15390.752105	W	0.015444
00295502736944	15390.767549	S	3.461824
00295569203964	15394.229373	W	0.014454
00295569481488	15394.243828	S	0.001820
00295569516436	15394.245648	W	0.013700
00295569779468	15394.259347	S	6.495475
00295694492588	15400.754822	W	0.013181
00295694745664	15400.768003	S	0.001867
00295694781508	15400.769870	W	0.005094
00295694879320	15400.774965	S	45.679182
00296571919616	15446.454147	W	0.005921
00296572033300	15446.460068	S	0.000936
00296572051280	15446.461004	W	0.131591
00296574577820	15446.592595	S	1.436314
00296602155052	15448.028909	W	0.013944
00296602422776	15448.042853	S	0.024928
00296602901400	15448.067781	W	0.006441
00296603025072	15448.074222	S	0.001062
00296603045468	15448.075285	W	0.317897
00296609149088	15448.393182	S	1.245448
00296633061680	15449.638629	W	0.013797
00296633326580	15449.652426	S	0.490366
00296642741604	15450.142792	W	0.014429
00296643018640	15450.157221	S	0.009585
00296643202676	15450.166806	W	0.005621
00296643310600	15450.172427	S	0.001791
00296643344996	15450.174219	W	0.618842
00296655226772	15450.793061	S	1.452931
00296683123056	15452.245993	W	0.015386
00296683418464	15452.261378	S	0.005714
00296683528168	15452.267092	W	0.015080
00296683817696	15452.282172	S	2.045593
00296723093080	15454.327765	W	0.015227
00296723385440	15454.342992	S	0.021583
00296723799828	15454.364574	W	0.014153
00296724071556	15454.378727	S	53.193937
00297745395148	15507.572664	W	0.005821
00297745506916	15507.578485	S	0.000845
00297745523148	15507.579331	W	0.213725
00297749626664	15507.793055	S	4.897473
00297843658144	15512.690528	W	0.023739
00297844113940	15512.714268	S	2.065658
00297883774576	15514.779926	W	0.014677
00297884056380	15514.794603	S	0.016808
00297884379092	15514.811411	W	0.013914
00297884646244	15514.825325	S	8.427342
00298046451216	15523.252668	W	0.005791
00298046562396	15523.258458	S	0.000875
00298046579204	15523.259334	W	0.533475
00298056821932	15523.792809	S	1.307040
00298081917096	15525.099849	W	0.013699
00298082180116	15525.113548	S	0.014542
00298082459320	15525.128090	W	0.014257
00298082733052	15525.142346	S	2.062599
00298122334956	15527.204946	W	0.014448
00298122612360	15527.219394	S	0.009112
00298122787308	15527.228506	W	0.005693
00298122896612	15527.234199	S	41.137272
00298912732236	15568.371471	W	0.005802
00298912843636	15568.377273	S	0.000832
00298912859616	15568.378105	W	0.214616
00298916980252	15568.592721	S	1.249415
00298940969028	15569.842137	W	0.015087
00298941258692	15569.857224	S	0.020889
00298941659752	15569.878112	W	0.013996
00298941928476	15569.892108	S	3.781738
00299014537844	15573.673846	W	0.014594
00299014818040	15573.688440	S	0.001932
00299014855144	15573.690372	W	0.004579
00299014943068	15573.694951	S	0.001610
00299014973984	15573.696562	W	0.496755
00299024511680	15574.193317	S	2.792885
00299078135080	15576.986202	W	0.015098
00299078424964	15577.001300	S	0.000768
00299078439716	15577.002069	W	0.391258
00299085951872	15577.393327	S	6.102837
00299203126352	15583.496164	W	0.016196
00299203437312	15583.512360	S	0.001194
00299203460236	15583.513554	W	0.479787
00299212672152	15583.993341	S	12.418018
00299451098096	15596.411359	W	0.012544
00299451338944	15596.423903	S	33.061552
00300086120736	15629.485455	W	0.005875
00300086233540	15629.491330	S	0.001003
00300086252796	15629.492333	W	0.700718
00300099706576	15630.193051	S	0.573825
00300110724016	15630.766876	W	0.014320
00300110998952	15630.781195	S	0.010717
00300111204720	15630.791913	W	0.005653
00300111313248	15630.797565	S	0.001702
00300111345924	15630.799267	W	1.193595
00300134262952	15631.992862	S	0.879014
00300151140024	15632.871876	W	0.014276
00300151414116	15632.886152	S	0.009807
00300151602416	15632.895959	W	0.014522
00300151881236	15632.910481	S	2.050760
00300191255832	15634.961241	W	0.013956
00300191523796	15634.975198	S	0.012295
00300191759852	15634.987492	W	0.014727
00300192042604	15635.002219	S	3.287159
00300255156052	15638.289378	W	0.014979
00300255443640	15638.304356	S	0.017581
00300255781200	15638.321938	W	0.006326
00300255902656	15638.328263	S	0.000950
00300255920892	15638.329213	W	0.464177
00300264833088	15638.793390	S	6.039565
00300380792732	15644.832955	W	0.013996
00300381061452	15644.846951	S	0.113475
00300383240164	15644.960425	W	0.032373
00300383861728	15644.992798	S	1.253628
00300407931392	15646.246427	W	0.013820
00300408196740	15646.260247	S	11.588336
00300630692784	15657.848583	W	0.013504
00300630952068	15657.862087	S	8.103585
00300786540908	15665.965672	W	0.005930
00300786654756	15665.971602	S	0.000911
00300786672240	15665.972513	W	0.167365
00300789885652	15666.139878	S	0.022631
00300790320160	15666.162508	W	0.015188
00300790611764	15666.177696	S	0.096468
00300792463952	15666.274164	W	0.005986
00300792578892	15666.280151	S	0.000798
00300792594208	15666.280948	W	0.304979
00300798449812	15666.585928	S	0.019678
00300798827620	15666.605605	W	0.013950
00300799095456	15666.619555	S	2.074485
00300838925560	15668.694040	W	0.014286
00300839199848	15668.708325	S	0.017776
00300839541140	15668.726101	W	0.014062
00300839811128	15668.740163	S	2.134892
00300880801056	15670.875055	W	0.014320
00300881076000	15670.889375	S	0.017469
00300881411408	15670.906844	W	0.005687
00300881520604	15670.912531	S	0.001879
00300881556672	15670.914410	W	0.278086
00300886895924	15671.192496	S	1.784830
00300921164656	15672.977326	W	0.013712
00300921427920	15672.991037	S	0.015734
00300921730016	15673.006772	W	0.005472
00300921835080	15673.012244	S	0.000696
00300921848436	15673.012939	W	0.180151
00300925307344	15673.193091	S	3.116602
00300985146096	15676.309693	W	0.015390
00300985441592	15676.325083	S	0.008246
00300985599908	15676.333329	W	0.015470
00300985896940	15676.348799	S	14.341660
00301261256816	15690.690459	W	0.005663
00301261365552	15690.696122	S	0.000869
00301261382236	15690.696991	W	0.095802
00301263221632	15690.792793	S	0.075762
00301264676256	15690.868555	W	0.015270
00301264969444	15690.883825	S	0.008147
00301265125868	15690.891972	W	0.006365
00301265248076	15690.898337	S	685.254653
00314422137412	16376.152990	W	0.439675
00314430579176	16376.592665	S	0.845862
00314446819720	16377.438527	W	0.013824
00314447085140	16377.452351	S	0.010826
00314447293008	16377.463177	W	0.013813
00314447558208	16377.476990	S	3.200465
00314509007144	16380.677455	W	0.005650
00314509115628	16380.683106	S	0.000706
00314509129192	16380.683812	W	0.108847
00314511219048	16380.792659	S	0.007176
00314511356828	16380.799835	W	0.015717
00314511658600	16380.815552	S	0.947499
00314529850588	16381.763051	W	0.014915
00314530136960	16381.777967	S	0.010996
00314530348076	16381.788962	W	0.014651
00314530629376	16381.803613	S	4.107560
00314609494532	16385.911174	W	0.015585
00314609793772	16385.926759	S	3.086358
00314669051852	16389.013117	W	0.006545
00314669177508	16389.019662	S	0.023288
00314669624636	16389.042950	W	0.004207
00314669705412	16389.047157	S	0.000806
00314669720896	16389.047963	W	0.326817
00314675995776	16389.374780	S	0.016626
00314676315000	16389.391406	W	0.013694
00314676577916	16389.405100	S	6.631609
00314803904816	16396.036709	W	0.005327
00314804007088	16396.042036	S	0.000743
00314804021348	16396.042779	W	0.334999
00314810453324	16396.377777	S	0.009050
00314810627080	16396.386827	W	0.005824
00314810738900	16396.392651	S	3.289474
00314873896796	16399.682125	W	0.004911
00314873991088	16399.687036	S	0.001436
00314874018656	16399.688472	W	0.504110
00314883697576	16400.192582	S	0.463130
00314892589676	16400.655712	W	0.015429
00314892885920	16400.671142	S	4.028783
00314970238560	16404.699925	W	3.512917
00315037686568	16408.212842	S	22.293354
00315465718964	16430.506196	W	0.013405
00315465976340	16430.519601	S	1.592699
00315496556152	16432.112300	W	0.016390
00315496870840	16432.128690	S	2.622147
00315547216068	16434.750837	W	0.016071
00315547524636	16434.766908	S	57.178665
00316645355000	16491.945573	W	0.014158
00316645626828	16491.959731	S	34.588220
00317309720652	16526.547951	W	0.015964
00317310027164	16526.563915	S	26.820215
00317824975284	16553.384129	W	0.014495
00317825253588	16553.398624	S	11.889884
00318053539368	16565.288509	W	0.016016
00318053846876	16565.304525	S	49.520472
00319004639932	16614.824996	W	0.014154
00319004911680	16614.839150	S	61.424508
00320184262232	16676.263658	W	0.014181
00320184534504	16676.277839	S	61.427998
00321363952060	16737.705836	W	0.014091
00321364222612	16737.719928	S	61.425595
00322543594036	16799.145523	W	0.014243
00322543867496	16799.159765	S	61.425977
00323723246260	16860.585743	W	0.014059
00323723516196	16860.599802	S	61.425754
00324902890672	16922.025556	W	0.014030
00324903160056	16922.039586	S	61.426068
00326082540560	16983.465654	W	0.014183
00326082812868	16983.479837	S	18.979554
00326447220296	17002.459390	W	0.014321
00326447495260	17002.473711	S	0.009660
00326447680736	17002.483372	W	0.013910
00326447947816	17002.497282	S	104.624327
00328456734900	17107.121609	W	0.004625
00328456823708	17107.126235	S	0.001517
00328456852832	17107.127752	W	0.465416
00328465788828	17107.593168	S	0.821597
00328481563500	17108.414766	W	0.014315
00328481838348	17108.429081	S	0.021475
00328482250676	17108.450556	W	0.005535
00328482356940	17108.456091	S	44.595801
00329338596316	17153.051891	W	0.005488
00329338701676	17153.057379	S	0.000704
00329338715200	17153.058083	W	0.134786
00329341303100	17153.192870	S	0.035313
00329341981108	17153.228183	W	0.015097
00329342270980	17153.243280	S	0.013822
00329342536356	17153.257102	W	0.015150
00329342827228	17153.272251	S	2.606433
00329392870744	17155.878685	W	0.005650
00329392979224	17155.884335	S	0.000809
00329392994756	17155.885144	W	0.156076
00329395991408	17156.041219	S	0.018742
00329396351248	17156.059961	W	0.006489
00329396475844	17156.066450	S	0.434939
00329404826664	17156.501389	W	0.005725
00329404936588	17156.507114	S	0.000950
00329404954820	17156.508064	W	0.230654
00329409383384	17156.738718	S	0.021576
00329409797636	17156.760294	W	0.014233
00329410070908	17156.774526	S	0.732610
00329424137020	17157.507136	W	0.005452
00329424241708	17157.512589	S	0.000879
00329424258580	17157.513468	W	0.079136
00329425777996	17157.592604	S	0.292848
00329431400676	17157.885452	W	0.014040
00329431670248	17157.899492	S	0.018702
00329432029332	17157.918194	W	0.013887
00329432295956	17157.932081	S	8.543780
00329596336528	17166.475861	W	0.005757
00329596447056	17166.481618	S	0.000809
00329596462596	17166.482427	W	0.110171
00329598577876	17166.592598	S	0.039701
00329599340136	17166.632299	W	0.015221
00329599632384	17166.647520	S	0.003736
00329599704108	17166.651256	W	0.015366
00329599999132	17166.666621	S	0.440524
00329608457192	17167.107145	W	0.006046
00329608573272	17167.113191	S	0.000383
00329608580628	17167.113574	W	0.078984
00329610097128	17167.192559	S	0.069331
00329611428276	17167.261889	W	0.014098
00329611698948	17167.275987	S	0.006392
00329611821680	17167.282379	W	0.014219
00329612094692	17167.296599	S	9.812112
00329800487240	17177.108710	W	0.005878
00329800600104	17177.114589	S	0.000833
00329800616088	17177.115421	W	0.175376
00329803983312	17177.290798	S	0.012872
00329804230452	17177.303669	W	0.014984
00329804518152	17177.318654	S	0.379069
00329811796280	17177.697723	W	0.006784
00329811926524	17177.704506	S	0.004444
00329812011856	17177.708951	W	0.005344
00329812114456	17177.714295	S	0.000463
00329812123348	17177.714758	W	0.289286
00329817677632	17178.004043	S	0.020898
00329818078868	17178.024941	W	0.005745
00329818189168	17178.030686	S	0.215225
00329822321492	17178.245911	W	0.348675
00329829016044	17178.594586	S	0.013851
00329829281980	17178.608436	W	0.015107
00329829572036	17178.623544	S	1.637861
00329861018964	17180.261404	W	0.006945
00329861152304	17180.268349	S	0.029535
00329861719372	17180.297884	W	0.005405
00329861823156	17180.303289	S	0.000656
00329861835760	17180.303946	W	0.288826
00329867381228	17180.592772	S	0.107320
00329869441764	17180.700092	W	0.014457
00329869719336	17180.714549	S	0.024254
00329870185016	17180.738803	W	0.005716
00329870294772	17180.744519	S	65.825587
00331134146052	17246.570107	W	0.004564
00331134233672	17246.574670	S	0.001492
00331134262312	17246.576162	W	0.416987
00331142268460	17246.993149	S	0.049661
00331143221956	17247.042810	W	0.013908
00331143488988	17247.056718	S	0.015872
00331143793728	17247.072590	W	0.005265
00331143894816	17247.077855	S	404.038613
00338901436184	17651.116468	W	0.004615
00338901524792	17651.121083	S	0.001495
00338901553504	17651.122578	W	0.069947
00338902896496	17651.192526	S	1.158786
00338925145180	17652.351311	W	0.013697
00338925408156	17652.365008	S	0.009637
00338925593184	17652.374645	W	0.014067
00338925863276	17652.388712	S	0.001761
00338925897092	17652.390474	W	0.006788
00338926027420	17652.397261	S	246.244776
00343653927128	17898.642038	W	0.165351
00343657101864	17898.807389	S	0.015076
00343657391332	17898.822465	W	0.015001
00343657679352	17898.837466	S	2.574678
00343707113176	17901.412145	W	0.005706
00343707222724	17901.417850	S	0.000734
00343707236812	17901.418584	W	0.155485
00343710222128	17901.574069	S	0.007880
00343710373416	17901.581949	W	0.006106
00343710490644	17901.588054	S	0.464509
00343719409224	17902.052564	W	0.005767
00343719519952	17902.058331	S	0.000504
00343719529628	17902.058835	W	0.133637
00343722095460	17902.192472	S	0.010886
00343722304480	17902.203358	W	0.013893
00343722571216	17902.217251	S	0.017845
00343722913836	17902.235096	W	0.005155
00343723012816	17902.240251	S	1.507345
00343751953844	17903.747596	W	0.044826
00343752814500	17903.792422	S	0.336327
00343759271984	17904.128749	W	0.013868
00343759538244	17904.142617	S	0.004399
00343759622704	17904.147016	W	0.007486
00343759766440	17904.154502	S	7.907069
00343911582172	17912.061571	W	0.005546
00343911688652	17912.067117	S	0.000781
00343911703648	17912.067898	W	0.227689
00343916075268	17912.295587	S	0.005714
00343916184980	17912.301301	W	0.014928
00343916471600	17912.316229	S	0.276588
00343921782096	17912.592818	W	0.005871
00343921894816	17912.598688	S	0.000860
00343921911336	17912.599549	W	0.175793
00343925286564	17912.775342	S	0.010546
00343925489048	17912.785888	W	0.005294
00343925590700	17912.791182	S	9.808371
00344113911432	17922.599554	W	0.181219
00344117390840	17922.780773	S	0.021919
00344117811684	17922.802692	W	0.014975
00344118099212	17922.817667	S	0.335969
00344124549808	17923.153636	W	0.007156
00344124687200	17923.160792	S	0.006946
00344124820564	17923.167738	W	0.005807
00344124932052	17923.173544	S	0.000873
00344124948808	17923.174417	W	0.218409
00344129142264	17923.392826	S	0.065927
00344130408072	17923.458754	W	0.015383
00344130703424	17923.474137	S	0.207798
00344134693140	17923.681934	W	0.005611
00344134800868	17923.687545	S	0.000605
00344134812484	17923.688150	W	0.304555
00344140659936	17923.992705	S	0.000873
00344140676696	17923.993578	W	0.014410
00344140953372	17924.007988	S	0.005367
00344141056412	17924.013355	W	0.015076
00344141345876	17924.028431	S	1.704164
00344174065824	17925.732595	W	0.006859
00344174197512	17925.739454	S	0.023072
00344174640500	17925.762526	W	0.005675
00344174749456	17925.768201	S	0.000687
00344174762648	17925.768888	W	0.023560
00344175215004	17925.792448	S	0.331508
00344181579964	17926.123956	W	0.014802
00344181864172	17926.138759	S	0.013155
00344182116740	17926.151914	W	0.005177
00344182216140	17926.157091	S	65.996003
00345449339388	17992.153093	W	0.004437
00345449424584	17992.157530	S	0.001512
00345449453624	17992.159043	W	0.233919
00345453944876	17992.392962	S	1.037280
00345473860652	17993.430242	W	0.014023
00345474129884	17993.444265	S	0.015230
00345474422296	17993.459495	W	0.005597
00345474529752	17993.465091	S	650.776756
00357969443460	18644.241847	W	0.005490
00357969548876	18644.247337	S	0.000689
00357969562100	18644.248026	W	0.545040
00357980026876	18644.793066	S	0.724182
00357993931172	18645.517249	W	0.015599
00357994230676	18645.532848	S	0.015086
00357994520328	18645.547934	W	0.005443
00357994624832	18645.553377	S	1.463927
00358022732228	18647.017304	W	0.005564
00358022839064	18647.022868	S	0.000786
00358022854156	18647.023654	W	0.160150
00358025929040	18647.183804	S	0.012847
00358026175696	18647.196651	W	0.006618
00358026302756	18647.203269	S	0.301983
00358032100832	18647.505252	W	0.005583
00358032208032	18647.510835	S	0.000953
00358032226336	18647.511788	W	0.080943
00358033780448	18647.592732	S	0.102539
00358035749200	18647.695271	W	0.013863
00358036015376	18647.709134	S	0.005990
00358036130376	18647.715124	W	0.013709
00358036393584	18647.728833	S	0.975986
00358055132516	18648.704819	W	0.005462
00358055237380	18648.710280	S	0.000847
00358055253648	18648.711127	W	0.081606
00358056820476	18648.792733	S	0.328610
00358063129796	18649.121344	W	0.013852
00358063395752	18649.135195	S	0.005192
00358063495436	18649.140387	W	0.014072
00358063765624	18649.154460	S	8.329012
00358223682652	18657.483471	W	0.005577
00358223789736	18657.489049	S	0.001042
00358223809740	18657.490091	W	0.176317
00358227195036	18657.666408	S	0.022696
00358227630796	18657.689104	W	0.006156
00358227748984	18657.695260	S	0.334624
00358234173772	18658.029884	W	0.181876
00358237665788	18658.211760	S	0.017029
00358237992752	18658.228789	W	0.005172
00358238092060	18658.233961	S	9.799599
00358426244356	18668.033560	W	0.005761
00358426354976	18668.039322	S	0.000818
00358426370684	18668.040140	W	0.199492
00358430200936	18668.239632	S	0.010485
00358430402248	18668.250117	W	0.015204
00358430694160	18668.265321	S	0.313053
00358436704776	18668.578374	W	0.006969
00358436838576	18668.585342	S	0.015326
00358437132832	18668.600668	W	0.005523
00358437238876	18668.606191	S	0.000491
00358437248296	18668.606682	W	0.294419
00358442901136	18668.901101	S	0.010009
00358443093312	18668.911110	W	0.014968
00358443380692	18668.926078	S	0.201330
00358447246224	18669.127408	W	0.005813
00358447357832	18669.133220	S	0.000788
00358447372960	18669.134008	W	0.058615
00358448498368	18669.192623	S	0.291044
00358454086420	18669.483668	W	0.014878
00358454372076	18669.498546	S	0.004726
00358454462812	18669.503271	W	0.015313
00358454756816	18669.518584	S	1.689014
00358487185884	18671.207598	W	0.006820
00358487316828	18671.214418	S	0.030539
00358487903184	18671.244957	W	0.005510
00358488008984	18671.250468	S	0.000640
00358488021264	18671.251108	W	0.341704
00358494581980	18671.592811	S	0.093596
00358496379020	18671.686407	W	0.013911
00358496646116	18671.700319	S	0.006518
00358496771264	18671.706837	W	0.006321
00358496892628	18671.713158	S	66.046546
00359764986316	18737.759704	W	0.004538
00359765073444	18737.764242	S	0.001493
00359765102108	18737.765735	W	0.026814
00359765616936	18737.792549	S	0.470650
00359774653416	18738.263199	W	0.013699
00359774916436	18738.276898	S	0.020887
00359775317472	18738.297785	W	0.006354
00359775439464	18738.304139	S	423.799380
00367912387564	19162.103519	W	0.004701
00367912477832	19162.108220	S	0.001514
00367912506896	19162.109734	W	1.261849
00367936734392	19163.371583	S	0.015608
00367937034068	19163.387191	W	0.014149
00367937305724	19163.401340	S	226.430974
00372284780432	19389.832314	W	0.005553
00372284887044	19389.837867	S	0.000657
00372284899656	19389.838524	W	0.554239
00372295541052	19390.392763	S	0.318078
00372301648148	19390.710841	W	0.014066
00372301918212	19390.724907	S	0.006574
00372302044432	19390.731481	W	0.005780
00372302155416	19390.737261	S	3.158215
00372362793144	19393.895476	W	0.005654
00372362901708	19393.901131	S	0.000744
00372362915992	19393.901875	W	0.090816
00372364659652	19393.992690	S	0.088740
00372366363460	19394.081430	W	0.015050
00372366652428	19394.096481	S	0.016187
00372366963216	19394.112668	W	0.014551
00372367242592	19394.127218	S	0.291716
00372372843544	19394.418935	W	0.005878
00372372956400	19394.424813	S	0.001278
00372372980936	19394.426090	W	0.166695
00372376181476	19394.592785	S	0.001581
00372376211824	19394.594366	W	0.014030
00372376481204	19394.608396	S	0.010613
00372376684976	19394.619009	W	0.005119
00372376783260	19394.624128	S	1.584127
00372407198500	19396.208255	W	0.005247
00372407299248	19396.213502	S	0.000824
00372407315076	19396.214327	W	0.378571
00372414583644	19396.592898	S	0.008489
00372414746624	19396.601387	W	0.014208
00372415019412	19396.615594	S	0.011190
00372415234252	19396.626784	W	0.005388
00372415337696	19396.632172	S	7.777969
00372564674696	19404.410140	W	0.005556
00372564781368	19404.415696	S	0.000775
00372564796244	19404.416471	W	0.202122
00372568676992	19404.618593	S	0.021966
00372569098744	19404.640560	W	0.015034
00372569387388	19404.655593	S	0.275914
00372574684940	19404.931507	W	0.005653
00372574793472	19404.937160	S	0.000440
00372574801928	19404.937600	W	0.055075
00372575859372	19404.992676	S	0.109238
00372577956748	19405.101914	W	0.013526
00372578216456	19405.115440	S	0.008940
00372578388108	19405.124381	W	0.014040
00372578657680	19405.138421	S	9.787416
00372766576060	19414.925836	W	0.005780
00372766687044	19414.931617	S	0.001036
00372766706928	19414.932652	W	0.197555
00372770499976	19415.130207	S	0.012870
00372770747088	19415.143078	W	0.006206
00372770866236	19415.149283	S	0.322287
00372777054148	19415.471570	W	0.007255
00372777193440	19415.478825	S	0.011105
00372777406660	19415.489930	W	0.005895
00372777519840	19415.495825	S	0.001167
00372777542256	19415.496993	W	0.295719
00372783220056	19415.792711	S	0.012201
00372783454308	19415.804912	W	0.005950
00372783568544	19415.810862	S	0.185212
00372787124612	19415.996074	W	0.005507
00372787230352	19416.001581	S	0.000619
00372787242236	19416.002200	W	0.342106
00372793810672	19416.344306	S	0.023454
00372794260996	19416.367760	W	0.006084
00372794377800	19416.373844	S	1.636193
00372825792700	19418.010036	W	0.006941
00372825925972	19418.016978	S	0.031509
00372826530936	19418.048486	W	0.005529
00372826637084	19418.054015	S	0.000638
00372826649336	19418.054653	W	0.138023
00372829299376	19418.192676	S	0.242650
00372833958252	19418.435326	W	0.014092
00372834228816	19418.449417	S	0.009522
00372834411644	19418.458940	W	0.005598
00372834519128	19418.464538	S	66.168819
00374104960444	19484.633356	W	0.004750
00374105051644	19484.638106	S	0.001497
00374105080384	19484.639603	W	0.153532
00374108028196	19484.793135	S	1.112363
00374129385568	19485.905498	W	0.014084
00374129655984	19485.919582	S	0.011743
00374129881456	19485.931326	W	0.014218
00374130154444	19485.945544	S	650.777086
00386625074492	20136.722630	W	0.005629
00386625182564	20136.728259	S	0.000692
00386625195856	20136.728951	W	0.063765
00386626420136	20136.792715	S	1.185862
00386649188692	20137.978578	W	0.015035
00386649477356	20137.993612	S	0.007234
00386649616240	20138.000846	W	0.015700
00386649917688	20138.016546	S	1.477208
00386678280084	20139.493754	W	0.005919
00386678393728	20139.499673	S	0.000804
00386678409156	20139.500477	W	0.092310
00386680181508	20139.592787	S	0.092572
00386681958884	20139.685359	W	0.015245
00386682251584	20139.700603	S	0.009905
00386682441760	20139.710508	W	0.014621
00386682722492	20139.725130	S	0.325266
00386688967596	20140.050396	W	0.142260
00386691698984	20140.192655	S	0.025546
00386692189472	20140.218202	W	0.013997
00386692458208	20140.232198	S	0.004509
00386692544776	20140.236707	W	0.005132
00386692643308	20140.241839	S	0.933550
00386710567468	20141.175389	W	0.401850
00386718282988	20141.577239	S	0.012959
00386718531808	20141.590198	W	0.014167
00386718803820	20141.604366	S	8.446460
00386880975848	20150.050825	W	0.005653
00386881084376	20150.056478	S	0.000747
00386881098712	20150.057225	W	0.186565
00386884680756	20150.243789	S	0.013808
00386884945876	20150.257598	W	0.015020
00386885234268	20150.272618	S	0.402800
00386892968032	20150.675418	W	0.005431
00386893072316	20150.680850	S	0.000420
00386893080384	20150.681270	W	0.178585
00386896509208	20150.859855	S	0.016757
00386896830944	20150.876612	W	0.005235
00386896931456	20150.881847	S	9.789809
00387084895784	20160.671655	W	0.005938
00387085009788	20160.677593	S	0.000858
00387085026256	20160.678451	W	0.211135
00387089080056	20160.889586	S	0.013037
00387089330372	20160.902624	W	0.006341
00387089452128	20160.908965	S	0.298633
00387095185884	20161.207598	W	0.007297
00387095325988	20161.214895	S	0.015772
00387095628812	20161.230667	W	0.006067
00387095745296	20161.236734	S	0.001289
00387095770048	20161.238023	W	0.283703
00387101217140	20161.521726	S	0.007086
00387101353200	20161.528813	W	0.007077
00387101489076	20161.535889	S	0.224724
00387105803780	20161.760614	W	0.005474
00387105908880	20161.766088	S	0.000628
00387105920932	20161.766715	W	0.026106
00387106422160	20161.792821	S	0.319291
00387112552544	20162.112112	W	0.014935
00387112839300	20162.127047	S	0.004185
00387112919656	20162.131232	W	0.015300
00387113213420	20162.146532	S	1.704659
00387145942864	20163.851191	W	0.006933
00387146075976	20163.858124	S	0.028772
00387146628400	20163.886896	W	0.005601
00387146735932	20163.892496	S	0.000665
00387146748700	20163.893161	W	0.299690
00387152502744	20164.192851	S	0.114385
00387154698944	20164.307237	W	0.014385
00387154975128	20164.321621	S	0.011214
00387155190436	20164.332835	W	0.005559
00387155297172	20164.338394	S	65.886851
00388420324716	20230.225246	W	0.004749
00388420415904	20230.229995	S	0.001486
00388420444440	20230.231481	W	0.361474
00388427384732	20230.592955	S	0.119338
00388429676016	20230.712293	W	0.013681
00388429938700	20230.725974	S	0.005992
00388430053744	20230.731966	W	0.005112
00388430151904	20230.737078	S	477.375739
00397595766084	20708.112817	W	0.004172
00397595846192	20708.116989	S	0.000825
00397595862040	20708.117815	W	0.474947
00397604981016	20708.592761	S	7.243293
00397744052236	20715.836054	W	0.013605
00397744313452	20715.849659	S	22.659366
00398179373288	20738.509025	W	0.013858
00398179639352	20738.522883	S	0.003845
00398179713176	20738.526728	W	0.005209
00398179813188	20738.531937	S	143.796280
00400940701772	20882.328217	W	0.005508
00400940807532	20882.333726	S	0.000650
00400940820020	20882.334376	W	0.058248
00400941938372	20882.392624	S	0.125317
00400944344456	20882.517940	W	0.015012
00400944632688	20882.532953	S	0.005316
00400944734752	20882.538268	W	0.015371
00400945029872	20882.553639	S	2.535280
00400993707240	20885.088919	W	0.005570
00400993814184	20885.094489	S	0.000779
00400993829140	20885.095268	W	0.168656
00400997067336	20885.263924	S	0.015129
00400997357804	20885.279052	W	0.015237
00400997650356	20885.294289	S	0.400322
00401005336532	20885.694611	W	0.005430
00401005440784	20885.700041	S	0.000429
00401005449012	20885.700469	W	0.167915
00401008672988	20885.868385	S	0.009208
00401008849784	20885.877593	W	0.014093
00401009120372	20885.891686	S	1.526737
00401038433720	20887.418423	W	0.004664
00401038523276	20887.423087	S	0.001519
00401038552432	20887.424606	W	0.368288
00401045623560	20887.792894	S	0.026743
00401046137024	20887.819637	W	0.013846
00401046402872	20887.833483	S	0.023367
00401046851520	20887.856850	W	0.005158
00401046950548	20887.862008	S	7.852117
00401197711188	20895.714124	W	0.005456
00401197815936	20895.719580	S	0.000849
00401197832240	20895.720429	W	0.072237
00401199219192	20895.792666	S	0.115176
00401201430576	20895.907843	W	0.015420
00401201726632	20895.923262	S	0.003864
00401201800820	20895.927126	W	0.015084
00401202090440	20895.942210	S	0.302354
00401207895640	20896.244565	W	0.148149
00401210740104	20896.392714	S	0.012522
00401210980520	20896.405235	W	0.015060
00401211269664	20896.420295	S	0.006280
00401211390248	20896.426575	W	0.014029
00401211659596	20896.440604	S	9.806643
00401399947148	20906.247247	W	0.005712
00401400056824	20906.252960	S	0.000778
00401400071756	20906.253737	W	0.179761
00401403523176	20906.433499	S	0.015006
00401403811300	20906.448505	W	0.015181
00401404102776	20906.463686	S	0.349767
00401410818304	20906.813453	W	0.006793
00401410948724	20906.820246	S	0.004777
00401411040448	20906.825023	W	0.005865
00401411153056	20906.830888	S	0.000690
00401411166296	20906.831578	W	0.290425
00401416742456	20907.122003	S	0.012993
00401416991916	20907.134996	W	0.006158
00401417110156	20907.141154	S	0.212451
00401421189224	20907.353605	W	0.005721
00401421299076	20907.359327	S	0.000778
00401421314008	20907.360105	W	0.032546
00401421938896	20907.392651	S	0.312470
00401427938320	20907.705121	W	0.015026
00401428226824	20907.720147	S	0.011737
00401428452172	20907.731884	W	0.006232
00401428571828	20907.738116	S	1.482781
00401457041216	20909.220897	W	0.006754
00401457170884	20909.227650	S	0.027162
00401457692396	20909.254812	W	0.005615
00401457800200	20909.260427	S	0.000693
00401457813512	20909.261120	W	0.361031
00401464745312	20909.622152	S	0.019325
00401465116352	20909.641477	W	0.014112
00401465387308	20909.655589	S	66.168759
00402735827480	20975.824348	W	0.004480
00402735913488	20975.828828	S	0.001515
00402735942576	20975.830343	W	0.362719
00402742906780	20976.193061	S	0.116668
00402745146812	20976.309730	W	0.013760
00402745411012	20976.323490	S	0.008096
00402745566452	20976.331586	W	0.005354
00402745669240	20976.336940	S	651.574069
00415255891368	21627.911009	W	0.005501
00415255996996	21627.916510	S	0.000676
00415256009984	21627.917187	W	0.075412
00415257457904	21627.992599	S	1.198834
00415280475516	21629.191433	W	0.015314
00415280769552	21629.206748	S	0.008439
00415280931588	21629.215187	W	0.014234
00415281204884	21629.229421	S	1.450673
00415309057796	21630.680094	W	0.005554
00415309164424	21630.685647	S	0.000767
00415309179152	21630.686414	W	0.187245
00415312774248	21630.873659	S	0.020014
00415313158516	21630.893673	W	0.006551
00415313284300	21630.900224	S	0.414994
00415321252192	21631.315218	W	0.005614
00415321359976	21631.320832	S	0.000445
00415321368516	21631.321277	W	0.174935
00415324727268	21631.496212	S	0.021420
00415325138536	21631.517632	W	0.005323
00415325240740	21631.522955	S	0.926655
00415343032512	21632.449610	W	0.415133
00415351003072	21632.864743	S	0.011928
00415351232084	21632.876671	W	0.005251
00415351332896	21632.881922	S	8.432278
00415513232640	21641.314200	W	0.004899
00415513326700	21641.319099	S	0.000728
00415513340676	21641.319827	W	0.180294
00415516802328	21641.500121	S	0.019193
00415517170828	21641.519314	W	0.015102
00415517460788	21641.534416	S	0.368022
00415524526804	21641.902438	W	0.167698
00415527746612	21642.070136	S	0.006362
00415527868760	21642.076498	W	0.014205
00415528141504	21642.090703	S	5.977226
00415642904244	21648.067929	W	0.184209
00415646441064	21648.252139	S	0.026094
00415646942068	21648.278233	W	0.014052
00415647211868	21648.292285	S	3.615580
00415716631008	21651.907865	W	0.005640
00415716739288	21651.913505	S	0.000774
00415716754156	21651.914279	W	0.174659
00415720107616	21652.088938	S	0.020210
00415720495644	21652.109148	W	0.005598
00415720603120	21652.114746	S	0.323530
00415726814900	21652.438276	W	0.007153
00415726952244	21652.445429	S	0.007691
00415727099920	21652.453121	W	0.310204
00415733055844	21652.763325	S	0.013292
00415733311044	21652.776617	W	0.006118
00415733428516	21652.782735	S	0.177016
00415736827228	21652.959751	W	0.005635
00415736935428	21652.965387	S	0.000670
00415736948288	21652.966057	W	0.026883
00415737464440	21652.992940	S	0.319789
00415743604384	21653.312728	W	0.014992
00415743892224	21653.327720	S	0.012539
00415744132972	21653.340259	W	0.015080
00415744422512	21653.355339	S	1.507032
00415773357536	21654.862372	W	0.006996
00415773491856	21654.869367	S	0.029458
00415774057444	21654.898825	W	0.005458
00415774162244	21654.904284	S	0.000658
00415774174872	21654.904941	W	0.428675
00415782405424	21655.333616	S	0.016585
00415782723864	21655.350201	W	0.004894
00415782817820	21655.355095	S	66.073993
00417051438476	21721.429087	W	0.004751
00417051529688	21721.433838	S	0.001515
00417051558768	21721.435353	W	0.357618
00417058425040	21721.792971	S	0.133172
00417060981948	21721.926143	W	0.014047
00417061251656	21721.940190	S	0.013096
00417061503108	21721.953287	W	0.015369
00417061798200	21721.968656	S	242.676726
00421721191340	21964.645382	W	0.004632
00421721280272	21964.650014	S	0.001494
00421721308964	21964.651509	W	1.296947
00421746210352	21965.948456	S	0.020264
00421746599412	21965.968719	W	0.005618
00421746707268	21965.974337	S	244.053436
00426432533236	22210.027773	W	0.004850
00426432626356	22210.032623	S	0.001701
00426432659008	22210.034323	W	0.158478
00426435701792	22210.192802	S	0.032120
00426436318500	22210.224922	W	0.004772
00426436410120	22210.229694	S	163.277870
00429571345216	22373.507563	W	0.005591
00429571452560	22373.513154	S	0.000661
00429571465244	22373.513815	W	0.479067
00429580663332	22373.992882	S	0.791225
00429595854848	22374.784107	W	0.014998
00429596142804	22374.799104	S	0.008843
00429596312584	22374.807947	W	0.005445
00429596417136	22374.813393	S	1.469166
00429624625124	22376.282559	W	0.005781
00429624736128	22376.288340	S	0.000856
00429624752568	22376.289196	W	0.191270
00429628424952	22376.480466	S	0.030848
00429629017232	22376.511314	W	0.015064
00429629306464	22376.526378	S	0.482282
00429638566276	22377.008660	W	0.005767
00429638677008	22377.014427	S	0.000847
00429638693276	22377.015275	W	0.187270
00429642288860	22377.202545	S	0.009996
00429642480780	22377.212541	W	0.013691
00429642743656	22377.226232	S	1.405718
00429669733440	22378.631950	W	0.004426
00429669818412	22378.636376	S	0.001515
00429669847508	22378.637891	W	0.154948
00429672822516	22378.792839	S	0.232275
00429677282188	22379.025114	W	0.013920
00429677549456	22379.039034	S	0.007293
00429677689480	22379.046327	W	0.013867
00429677955732	22379.060194	S	7.962262
00429830831164	22387.022456	W	0.005813
00429830942768	22387.028269	S	0.000864
00429830959364	22387.029134	W	0.163934
00429834106900	22387.193068	S	0.022410
00429834537180	22387.215478	W	0.015392
00429834832712	22387.230870	S	0.010380
00429835032000	22387.241250	W	0.015190
00429835323648	22387.256440	S	0.319877
00429841465292	22387.576317	W	0.005493
00429841570756	22387.581810	S	0.000896
00429841587964	22387.582706	W	0.185139
00429845142636	22387.767846	S	0.018877
00429845505068	22387.786722	W	0.005272
00429845606284	22387.791994	S	9.787133
00430033519236	22397.579127	W	0.005648
00430033627680	22397.584775	S	0.000759
00430033642244	22397.585534	W	0.202954
00430037538952	22397.788487	S	0.009889
00430037728820	22397.798376	W	0.015191
00430038020488	22397.813567	S	0.375334
00430045226904	22398.188901	W	0.007188
00430045364904	22398.196089	S	0.014594
00430045645100	22398.210682	W	0.005946
00430045759272	22398.216629	S	0.000837
00430045775348	22398.217466	W	0.298199
00430051500768	22398.515665	S	0.022285
00430051928636	22398.537950	W	0.005984
00430052043524	22398.543934	S	0.162582
00430055165096	22398.706515	W	0.005490
00430055270496	22398.712005	S	0.000621
00430055282416	22398.712626	W	0.342090
00430061850536	22399.054715	S	0.017747
00430062191272	22399.072462	W	0.014995
00430062479176	22399.087457	S	1.611668
00430093423204	22400.699125	W	0.006975
00430093557128	22400.706100	S	0.026323
00430094062532	22400.732424	W	0.005780
00430094173516	22400.738204	S	0.000656
00430094186116	22400.738860	W	0.253841
00430099059864	22400.992701	S	0.116803
00430101302480	22401.109504	W	0.014091
00430101573032	22401.123595	S	0.015990
00430101880032	22401.139585	W	0.005784
00430101991084	22401.145369	S	66.518468
00431379145672	22467.663837	W	0.004494
00431379231964	22467.668331	S	0.001494
00431379260656	22467.669826	W	0.474015
00431388361748	22468.143841	S	0.018569
00431388718276	22468.162410	W	0.013797
00431388983184	22468.176208	S	243.058255
00436055701684	22711.234463	W	0.004571
00436055789440	22711.239033	S	0.001605
00436055820264	22711.240639	W	0.152174
00436058741996	22711.392812	S	0.277166
00436064063588	22711.669979	W	0.014070
00436064333728	22711.684048	S	0.007457
00436064476896	22711.691505	W	0.005590
00436064584228	22711.697095	S	407.429561
00443887231804	23119.126656	W	0.005614
00443887339600	23119.132271	S	0.000688
00443887352812	23119.132959	W	0.460128
00443896187268	23119.593087	S	0.799209
00443911532072	23120.392295	W	0.015650
00443911832548	23120.407945	S	0.014313
00443912107360	23120.422258	W	0.014315
00443912382204	23120.436573	S	1.439088
00443940012696	23121.875661	W	0.005707
00443940122264	23121.881368	S	0.000833
00443940138260	23121.882201	W	0.168931
00443943381732	23122.051132	S	0.024102
00443943844484	23122.075234	W	0.015368
00443944139548	23122.090601	S	0.358529
00443951023300	23122.449130	W	0.005343
00443951125880	23122.454473	S	0.000425
00443951134036	23122.454898	W	0.170611
00443954409764	23122.625509	S	0.017969
00443954754764	23122.643477	W	0.005611
00443954862504	23122.649089	S	1.002358
00443974107776	23123.651447	W	0.141684
00443976828116	23123.793131	S	0.254094
00443981706724	23124.047225	W	0.014025
00443981976000	23124.061250	S	0.007545
00443982120860	23124.068795	W	0.005309
00443982222788	23124.074104	S	8.372483
00444142974456	23132.446586	W	0.173301
00444146301832	23132.619887	S	0.021585
00444146716264	23132.641472	W	0.014623
00444146997032	23132.656095	S	0.339523
00444153515880	23132.995619	W	0.187683
00444157119388	23133.183301	S	0.015338
00444157413876	23133.198639	W	0.005350
00444157516600	23133.203990	S	9.793839
00444345558308	23142.997829	W	0.005911
00444345671804	23143.003740	S	0.001023
00444345691444	23143.004763	W	0.200411
00444349539332	23143.205174	S	0.017859
00444349882220	23143.223032	W	0.006255
00444350002324	23143.229288	S	0.264338
00444355077616	23143.493626	W	0.007137
00444355214652	23143.500763	S	0.014196
00444355487208	23143.514959	W	0.005232
00444355587668	23143.520191	S	0.000429
00444355595896	23143.520620	W	0.292720
00444361216128	23143.813340	S	0.026331
00444361721692	23143.839671	W	0.006280
00444361842260	23143.845951	S	0.126380
00444364268752	23143.972331	W	0.005653
00444364377284	23143.977984	S	0.000631
00444364389400	23143.978615	W	0.345740
00444371027604	23144.324354	S	0.020334
00444371418016	23144.344688	W	0.006304
00444371539056	23144.350992	S	1.484944
00444400049980	23145.835936	W	0.006988
00444400184156	23145.842925	S	0.028949
00444400739980	23145.871874	W	0.005421
00444400844072	23145.877295	S	0.000652
00444400856588	23145.877947	W	0.390187
00444408348176	23146.268134	S	0.025921
00444408845856	23146.294055	W	0.005305
00444408947704	23146.299360	S	66.319595
00445682283920	23212.618954	W	0.004608
00445682372392	23212.623562	S	0.001492
00445682401040	23212.625054	W	0.486442
00445691740724	23213.111496	S	0.012932
00445691989020	23213.124428	W	0.013404
00445692246380	23213.137832	S	651.565739
00458202308576	23864.703572	W	0.005683
00458202417684	23864.709254	S	0.000680
00458202430736	23864.709934	W	0.282969
00458207863740	23864.992903	S	1.012222
00458227298396	23866.005125	W	0.014106
00458227569232	23866.019231	S	0.022834
00458228007648	23866.042065	W	0.014406
00458228284236	23866.056471	S	1.420815
00458255563888	23867.477286	W	0.005843
00458255676068	23867.483129	S	0.000881
00458255692988	23867.484010	W	0.108801
00458257781976	23867.592811	S	0.067859
00458259084872	23867.660670	W	0.015192
00458259376560	23867.675863	S	0.017047
00458259703860	23867.692909	W	0.006521
00458259829056	23867.699430	S	0.313562
00458265849452	23868.012992	W	0.006069
00458265965968	23868.019061	S	0.000539
00458265976312	23868.019600	W	0.173048
00458269298832	23868.192648	S	0.001562
00458269328820	23868.194209	W	0.014250
00458269602428	23868.208460	S	0.006946
00458269735800	23868.215406	W	0.014305
00458270010452	23868.229711	S	1.577109
00458300290940	23869.806820	W	0.004568
00458300378640	23869.811388	S	0.001512
00458300407668	23869.812899	W	0.381116
00458307725100	23870.194016	S	0.017841
00458308067648	23870.211857	W	0.005136
00458308166256	23870.216993	S	7.792407
00458457780468	23878.009399	W	0.196285
00458461549144	23878.205685	S	0.012546
00458461790036	23878.218231	W	0.015362
00458462084996	23878.233594	S	0.305960
00458467959436	23878.539554	W	0.005515
00458468065324	23878.545069	S	0.000443
00458468073836	23878.545512	W	0.047172
00458468979536	23878.592684	S	0.128636
00458471449352	23878.721320	W	0.013810
00458471714512	23878.735131	S	0.007380
00458471856200	23878.742510	W	0.014842
00458472141176	23878.757353	S	9.802865
00458660356180	23888.560218	W	0.005591
00458660463532	23888.565809	S	0.000726
00458660477480	23888.566535	W	0.214757
00458664600816	23888.781292	S	0.017497
00458664936760	23888.798790	W	0.006467
00458665060920	23888.805256	S	0.257594
00458670006720	23889.062850	W	0.006556
00458670132596	23889.069406	S	0.013502
00458670391828	23889.082908	W	0.005950
00458670506072	23889.088858	S	0.001102
00458670527228	23889.089960	W	0.292064
00458676134848	23889.382023	S	0.001052
00458676155048	23889.383075	W	0.015787
00458676458152	23889.398862	S	0.002198
00458676500356	23889.401060	W	0.015226
00458676792704	23889.416287	S	0.165877
00458679977536	23889.582163	W	0.005499
00458680083124	23889.587663	S	0.000732
00458680097176	23889.588395	W	0.343059
00458686683908	23889.931454	S	0.022949
00458687124520	23889.954402	W	0.014998
00458687412472	23889.969400	S	1.551584
00458717202884	23891.520984	W	0.006897
00458717335300	23891.527880	S	0.024918
00458717813720	23891.552798	W	0.005652
00458717922236	23891.558450	S	0.000684
00458717935360	23891.559133	W	0.409019
00458725788532	23891.968153	S	0.022897
00458726228148	23891.991049	W	0.005536
00458726334440	23891.996585	S	66.219778
00459997754176	23958.216363	W	0.004378
00459997838224	23958.220741	S	0.001533
00459997867648	23958.222273	W	0.480560
00460007094392	23958.702833	S	0.018698
00460007453388	23958.721531	W	0.013741
00460007717208	23958.735271	S	651.560096
00472517671060	24610.295368	W	0.005634
00472517779232	24610.301002	S	0.000684
00472517792360	24610.301685	W	1.276933
00472542309472	24611.578618	S	0.017016
00472542636188	24611.595635	W	0.005500
00472542741796	24611.601135	S	1.466827
00472570904876	24613.067962	W	0.005758
00472571015432	24613.073720	S	0.000759
00472571029996	24613.074479	W	0.183729
00472574557592	24613.258208	S	0.014450
00472574835024	24613.272658	W	0.006348
00472574956912	24613.279006	S	0.307519
00472580861280	24613.586525	W	0.005350
00472580964000	24613.591875	S	0.000469
00472580973000	24613.592344	W	0.186811
00472584559776	24613.779155	S	0.009602
00472584744136	24613.788757	W	0.005225
00472584844460	24613.793982	S	2.278857
00472628598516	24616.072839	W	0.004444
00472628683848	24616.077284	S	0.001531
00472628713248	24616.078815	W	0.411510
00472636614236	24616.490325	S	0.013971
00472636882472	24616.504295	W	0.013897
00472637149292	24616.518192	S	7.065240
00472772801908	24623.583433	W	0.005730
00472772911932	24623.589163	S	0.000808
00472772927448	24623.589971	W	0.194189
00472776655880	24623.784160	S	0.017457
00472776991056	24623.801618	W	0.006267
00472777111392	24623.807885	S	0.330518
00472783457332	24624.138403	W	0.005718
00472783567116	24624.144121	S	0.000417
00472783575116	24624.144537	W	0.185029
00472787127664	24624.329566	S	0.019715
00472787506192	24624.349281	W	0.014405
00472787782776	24624.363686	S	9.797130
00472975887676	24634.160816	W	0.005480
00472975992896	24634.166297	S	0.000724
00472976006788	24634.167020	W	0.216196
00472980157752	24634.383216	S	0.014874
00472980443324	24634.398090	W	0.015059
00472980732452	24634.413149	S	0.236390
00472985271132	24634.649538	W	0.007371
00472985412660	24634.656909	S	0.011451
00472985632524	24634.668361	W	0.005664
00472985741272	24634.674025	S	0.000429
00472985749500	24634.674453	W	0.298954
00472991489424	24634.973408	S	0.011603
00472991712204	24634.985011	W	0.015010
00472992000388	24635.000020	S	0.180926
00472995474176	24635.180947	W	0.005675
00472995583132	24635.186621	S	0.000766
00472995597848	24635.187388	W	0.356598
00473002444532	24635.543986	S	0.018734
00473002804228	24635.562720	W	0.006226
00473002923768	24635.568946	S	1.704242
00473035645220	24637.273189	W	0.006914
00473035777960	24637.280102	S	0.023810
00473036235112	24637.303912	W	0.005525
00473036341196	24637.309437	S	0.000680
00473036354244	24637.310117	W	0.282740
00473041782844	24637.592856	S	0.051115
00473042764252	24637.643971	W	0.014012
00473043033280	24637.657983	S	0.020521
00473043427292	24637.678505	W	0.013748
00473043691248	24637.692253	S	0.016779
00473044013400	24637.709031	W	0.005199
00473044113228	24637.714231	S	66.097409
00474313183472	24703.811639	W	0.004709
00474313273892	24703.816349	S	0.001511
00474313302896	24703.817859	W	0.175137
00474316665532	24703.992996	S	0.301756
00474322459244	24704.294752	W	0.013572
00474322719824	24704.308324	S	0.010916
00474322929412	24704.319240	W	0.013568
00474323189916	24704.332808	S	404.741975
00482094235828	25109.074783	W	0.004822
00482094328404	25109.079604	S	0.001543
00482094358028	25109.081147	W	0.512323
00482104194628	25109.593470	S	0.787912
00482119322540	25110.381382	W	0.014241
00482119595968	25110.395623	S	0.007626
00482119742392	25110.403250	W	0.014116
00482120013416	25110.417365	S	0.303292
00482125836624	25110.720657	W	0.004141
00482125916128	25110.724798	S	0.000868
00482125932800	25110.725667	W	0.467008
00482134899360	25111.192675	S	0.207215
00482138877884	25111.399890	W	3.481580
00482205724228	25114.881470	S	54.820602
00483258279792	25169.702073	W	0.014233
00483258553072	25169.716306	S	61.409157
00484437608896	25231.125463	W	0.014317
00484437883784	25231.139780	S	61.427898
00485617299432	25292.567679	W	0.014388
00485617575684	25292.582067	S	0.001729
00485617608880	25292.583796	W	0.015855
00485617913300	25292.599651	S	23.281804
00486064923940	25315.881455	W	0.113761
00486067108144	25315.995216	S	0.816321
00486082781512	25316.811537	W	0.016504
00486083098392	25316.828041	S	37.180124
00486796956772	25354.008165	W	0.014359
00486797232468	25354.022524	S	26.791042
00487311620480	25380.813567	W	0.015700
00487311921928	25380.829267	S	2.552773
00487360935168	25383.382040	W	0.015945
00487361241316	25383.397985	S	32.092202
00487977411596	25415.490187	W	0.014213
00487977684492	25415.504401	S	61.420980
00489156967316	25476.925381	W	0.014298
00489157241840	25476.939679	S	61.392258
00490335973192	25538.331937	W	0.014195
00490336245744	25538.346132	S	61.420004
00491515509816	25599.766136	W	0.014100
00491515780532	25599.780236	S	61.446324
00492695549952	25661.226560	W	0.014088
00492695820436	25661.240648	S	61.426284
00493875205080	25722.666931	W	0.014140
00493875476568	25722.681071	S	61.424882
00495054834300	25784.105953	W	0.014207
00495055107068	25784.120160	S	61.405914
00496234100624	25845.526074	W	0.014234
00496234373908	25845.540308	S	61.427182
00497413775804	25906.967490	W	0.014158
00497414047640	25906.981648	S	61.426621
00498593438764	25968.408269	W	0.014095
00498593709396	25968.422364	S	61.443249
00499773419776	26029.865613	W	0.014220
00499773692796	26029.879833	S	61.412031
00500952803800	26091.291865	W	0.014024
00500953073056	26091.305888	S	34.804581
00501621321004	26126.110469	W	0.015681
00501621622088	26126.126150	S	2.527761
00501670155104	26128.653912	W	0.015994
00501670462192	26128.669906	S	24.076036
00502132722080	26152.745942	W	0.014061
00502132992052	26152.760003	S	61.406062
00503311988436	26214.166064	W	0.014150
00503312260112	26214.180214	S	61.428019
00504491678084	26275.608234	W	0.014060
00504491948032	26275.622293	S	9.054603
00504665796412	26284.676896	W	0.014363
00504666072188	26284.691260	S	0.003653
00504666142328	26284.694913	W	0.005212
00504666242392	26284.700125	S	104.332559
00506669427516	26389.032683	W	0.004708
00506669517908	26389.037391	S	0.001509
00506669546876	26389.038900	W	0.541667
00506679946880	26389.580567	S	0.009771
00506680134480	26389.590338	W	0.013769
00506680398848	26389.604107	S	376.898796
00513916855736	26766.502903	W	0.489851
00513926260872	26766.992754	S	0.806476
00513941745216	26767.799230	W	0.015004
00513942033284	26767.814234	S	0.009631
00513942218204	26767.823865	W	0.006184
00513942336944	26767.830049	S	1.040177
00513962308340	26768.870226	W	0.005527
00513962414460	26768.875753	S	0.000814
00513962430088	26768.876567	W	0.334950
00513968861128	26769.211517	S	0.012220
00513969095756	26769.223737	W	0.006318
00513969217064	26769.230055	S	11.567385
00514191310860	26780.797441	W	0.005654
00514191419408	26780.803094	S	0.000776
00514191434304	26780.803870	W	0.162961
00514194563156	26780.966831	S	0.009632
00514194748084	26780.976463	W	0.006367
00514194870328	26780.982830	S	1.827038
00514229949464	26782.809868	W	0.005680
00514230058520	26782.815548	S	0.000664
00514230071272	26782.816212	W	0.176728
00514233464456	26782.992940	S	0.136568
00514236086552	26783.129508	W	0.014815
00514236371000	26783.144323	S	0.004745
00514236462112	26783.149068	W	0.015342
00514236756684	26783.164411	S	9.649236
00514422022024	26792.813647	W	0.005574
00514422129048	26792.819221	S	0.000658
00514422141684	26792.819879	W	0.173214
00514425467384	26792.993093	S	0.262790
00514430512956	26793.255883	W	0.015045
00514430801828	26793.270929	S	0.013363
00514431058392	26793.284291	W	0.015255
00514431351292	26793.299546	S	1.872011
00514467293908	26795.171558	W	0.005477
00514467399076	26795.177035	S	0.000643
00514467411428	26795.177679	W	0.215031
00514471540016	26795.392709	S	0.118049
00514473806564	26795.510759	W	0.015107
00514474096612	26795.525865	S	0.010467
00514474297584	26795.536332	W	0.015152
00514474588500	26795.551484	S	8.485071
00514637501860	26804.036555	W	0.005687
00514637611056	26804.042242	S	0.000670
00514637623928	26804.042913	W	0.149920
00514640502384	26804.192833	S	0.005103
00514640600352	26804.197935	W	0.015164
00514640891496	26804.213099	S	0.018794
00514641252348	26804.231893	W	0.006311
00514641373528	26804.238205	S	1.854137
00514676972952	26806.092341	W	0.005568
00514677079864	26806.097910	S	0.000656
00514677092464	26806.098566	W	0.494268
00514686582400	26806.592833	S	0.133244
00514689140684	26806.726077	W	0.015259
00514689433652	26806.741336	S	0.016591
00514689752200	26806.757927	W	0.014446
00514690029560	26806.772373	S	40.331545
00515464395216	26847.103918	W	0.005685
00515464504368	26847.109603	S	0.000697
00515464517756	26847.110300	W	0.082284
00515466097608	26847.192584	S	0.075964
00515467556112	26847.268547	W	0.014800
00515467840280	26847.283348	S	0.020494
00515468233760	26847.303842	W	0.006113
00515468351136	26847.309955	S	2.620185
00515518658696	26849.930140	W	0.005643
00515518767036	26849.935783	S	0.000740
00515518781252	26849.936524	W	0.202958
00515522678040	26850.139481	S	0.017232
00515523008892	26850.156713	W	0.006539
00515523134448	26850.163252	S	0.373201
00515530299900	26850.536453	W	0.005901
00515530413204	26850.542354	S	0.001235
00515530436924	26850.543590	W	0.194069
00515534163044	26850.737659	S	0.022076
00515534586900	26850.759734	W	0.005786
00515534697984	26850.765520	S	1.435181
00515562253468	26852.200701	W	0.004701
00515562343732	26852.205403	S	0.001521
00515562372936	26852.206924	W	0.348810
00515569070080	26852.555733	S	0.016725
00515569391200	26852.572458	W	0.011149
00515569605264	26852.583608	S	3.528026
00515637343368	26856.111634	W	0.004341
00515637426720	26856.115975	S	0.001556
00515637456604	26856.117531	W	0.275301
00515642742376	26856.392832	S	0.336145
00515649196352	26856.728977	W	0.014611
00515649476880	26856.743588	S	0.011236
00515649692608	26856.754823	W	0.005829
00515649804532	26856.760653	S	3.774029
00515722265888	26860.534682	W	0.204622
00515726194628	26860.739304	S	0.016546
00515726512312	26860.755850	W	0.006495
00515726637020	26860.762345	S	0.368239
00515733707200	26861.130583	W	0.005582
00515733814368	26861.136165	S	0.000430
00515733822620	26861.136595	W	0.173653
00515737156756	26861.310248	S	0.026782
00515737670968	26861.337030	W	0.005166
00515737770164	26861.342196	S	9.781913
00515925582884	26871.124109	W	0.005729
00515925692872	26871.129837	S	0.000795
00515925708144	26871.130633	W	0.061883
00515926896292	26871.192515	S	0.097644
00515928771048	26871.290159	W	0.015044
00515929059900	26871.305203	S	0.007703
00515929207792	26871.312906	W	0.006372
00515929330132	26871.319278	S	0.325709
00515935583744	26871.644987	W	0.007089
00515935719856	26871.652076	S	0.008478
00515935882628	26871.660554	W	0.005603
00515935990212	26871.666157	S	0.001014
00515936009680	26871.667171	W	0.125311
00515938415648	26871.792482	S	0.155556
00515941402320	26871.948037	W	0.014738
00515941685292	26871.962776	S	0.003980
00515941761704	26871.966755	W	0.015192
00515942053400	26871.981948	S	0.152049
00515944972732	26872.133996	W	0.005743
00515945083004	26872.139740	S	0.325332
00515951329372	26872.465071	W	0.015149
00515951620228	26872.480220	S	0.010448
00515951820828	26872.490668	W	0.006366
00515951943064	26872.497035	S	1.680593
00515984210448	26874.177628	W	0.006913
00515984343176	26874.184540	S	0.030463
00515984928064	26874.215003	W	0.005516
00515985033964	26874.220519	S	0.000645
00515985046352	26874.221164	W	0.371363
00515992176520	26874.592527	S	0.011157
00515992390732	26874.603684	W	0.006726
00515992519880	26874.610410	S	76.223920
00517456019148	26950.834331	W	0.004545
00517456106420	26950.838876	S	0.001485
00517456134924	26950.840361	W	0.352706
00517462906888	26951.193067	S	0.092993
00517464692344	26951.286060	W	0.013875
00517464958736	26951.299934	S	0.013051
00517465209312	26951.312985	W	0.013895
00517465476096	26951.326880	S	641.367982
00529779741348	27592.694862	W	0.005473
00529779846424	27592.700335	S	0.000701
00529779859880	27592.701035	W	0.291870
00529785463784	27592.992905	S	0.974783
00529804179620	27593.967689	W	0.015555
00529804478272	27593.983243	S	0.011423
00529804697600	27593.994667	W	0.005301
00529804799372	27593.999967	S	2.812581
00529858800928	27596.812548	W	0.005624
00529858908904	27596.818172	S	0.000803
00529858924316	27596.818975	W	0.164254
00529862077984	27596.983228	S	0.016474
00529862394284	27596.999702	W	0.006468
00529862518476	27597.006171	S	0.358699
00529869405488	27597.364869	W	0.005486
00529869510812	27597.370355	S	0.000942
00529869528896	27597.371297	W	0.021312
00529869938092	27597.392609	S	0.155957
00529872932476	27597.548566	W	0.014036
00529873201976	27597.562603	S	0.008338
00529873362072	27597.570941	W	0.005170
00529873461336	27597.576111	S	1.913109
00529910193024	27599.489220	W	0.004667
00529910282636	27599.493887	S	0.001526
00529910311932	27599.495413	W	0.386554
00529917733768	27599.881967	S	0.008562
00529917898164	27599.890529	W	0.005389
00529918001624	27599.895918	S	7.442207
00530060891996	27607.338125	W	0.054500
00530061938392	27607.392625	S	0.097665
00530063813556	27607.490289	W	0.015171
00530064104832	27607.505460	S	0.015940
00530064410884	27607.521400	W	0.015194
00530064702612	27607.536594	S	0.410394
00530072582176	27607.946988	W	0.005251
00530072682988	27607.952239	S	0.000359
00530072689888	27607.952598	W	0.040149
00530073460748	27607.992747	S	0.137479
00530076100348	27608.130226	W	0.014243
00530076373820	27608.144470	S	0.010358
00530076572700	27608.154828	W	0.005274
00530076673968	27608.160103	S	9.787703
00530264597864	27617.947805	W	0.005557
00530264704556	27617.953362	S	0.000752
00530264718992	27617.954114	W	0.201895
00530268595384	27618.156010	S	0.020909
00530268996840	27618.176919	W	0.006380
00530269119328	27618.183298	S	0.386731
00530276544564	27618.570029	W	0.007348
00530276685644	27618.577377	S	0.011096
00530276898688	27618.588473	W	0.006129
00530277016372	27618.594603	S	0.001058
00530277036676	27618.595660	W	0.302554
00530282845720	27618.898215	S	0.014698
00530283127920	27618.912912	W	0.015082
00530283417488	27618.927994	S	0.081194
00530284976404	27619.009188	W	0.005650
00530285084876	27619.014837	S	0.000650
00530285097352	27619.015487	W	0.364302
00530292091952	27619.379789	S	0.015949
00530292398168	27619.395738	W	0.006180
00530292516832	27619.401918	S	1.707016
00530325291532	27621.108934	W	0.006929
00530325424560	27621.115862	S	0.024489
00530325894744	27621.140351	W	0.005684
00530326003872	27621.146035	S	0.000689
00530326017108	27621.146724	W	0.246069
00530330741632	27621.392793	S	0.171003
00530334024888	27621.563796	W	0.014233
00530334298160	27621.578029	S	0.012010
00530334528744	27621.590039	W	0.014226
00530334801888	27621.604265	S	0.819349
00530350533388	27622.423614	W	0.004780
00530350625164	27622.428394	S	0.001678
00530350657380	27622.430072	W	0.494822
00530360157968	27622.924894	S	0.018499
00530360513152	27622.943393	W	0.013948
00530360780952	27622.957341	S	64.525976
00531599679700	27687.483318	W	0.004418
00531599764516	27687.487735	S	0.001490
00531599793124	27687.489225	W	0.165676
00531602974104	27687.654901	S	0.015202
00531603265980	27687.670103	W	0.013746
00531603529904	27687.683849	S	358.052476
00538478137440	28045.736325	W	0.005580
00538478244584	28045.741905	S	0.000668
00538478257404	28045.742573	W	0.450500
00538486907004	28046.193073	S	0.805743
00538502377260	28046.998816	W	0.014940
00538502664108	28047.013756	S	0.008753
00538502832168	28047.022509	W	0.015122
00538503122516	28047.037631	S	1.065082
00538523572096	28048.102713	W	0.005444
00538523676620	28048.108157	S	0.000724
00538523690524	28048.108881	W	0.344791
00538530310520	28048.453673	S	0.016112
00538530619864	28048.469785	W	0.006112
00538530737212	28048.475896	S	10.385447
00538730137788	28058.861343	W	0.005736
00538730247928	28058.867080	S	0.000710
00538730261556	28058.867789	W	0.159648
00538733326804	28059.027438	S	0.009376
00538733506824	28059.036814	W	0.006319
00538733628156	28059.043133	S	1.850574
00538769159184	28060.893707	W	0.005503
00538769264840	28060.899210	S	0.000650
00538769277316	28060.899860	W	0.292797
00538774899016	28061.192657	S	0.014512
00538775177644	28061.207169	W	0.015141
00538775468344	28061.222310	S	0.009638
00538775653396	28061.231948	W	0.005707
00538775762976	28061.237655	S	73.996197
00540196489968	28135.233853	W	0.004753
00540196581220	28135.238605	S	0.001499
00540196610004	28135.240104	W	0.152788
00540199543528	28135.392892	S	0.257860
00540204494432	28135.650752	W	0.014084
00540204764844	28135.664836	S	0.013012
00540205014668	28135.677847	W	0.013524
00540205274324	28135.691371	S	204.111548
00544124216044	28339.802919	W	0.005706
00544124325608	28339.808625	S	0.000670
00544124338472	28339.809295	W	0.144844
00544127119472	28339.954139	S	0.015863
00544127424048	28339.970002	W	0.013759
00544127688224	28339.983762	S	2.754595
00544180576440	28342.738356	W	0.005718
00544180686216	28342.744074	S	0.000835
00544180702244	28342.744909	W	0.214002
00544184811076	28342.958910	S	0.008818
00544184980376	28342.967728	W	0.005919
00544185094012	28342.973646	S	0.357549
00544191958960	28343.331196	W	0.005991
00544192073992	28343.337187	S	0.001057
00544192094292	28343.338244	W	0.177401
00544195500400	28343.515646	S	0.029404
00544196064960	28343.545050	W	0.005052
00544196161952	28343.550102	S	1.117470
00544217617380	28344.667572	W	0.337115
00544224089984	28345.004687	S	0.004804
00544224182224	28345.009491	W	0.013825
00544224447660	28345.023316	S	8.298808
00544383784764	28353.322123	W	0.005799
00544383896108	28353.327922	S	0.000825
00544383911944	28353.328747	W	0.063930
00544385139404	28353.392677	S	0.094023
00544386944648	28353.486700	W	0.014977
00544387232200	28353.501677	S	0.018392
00544387585320	28353.520069	W	0.015322
00544387879500	28353.535391	S	0.395637
00544395475736	28353.931028	W	0.005631
00544395583848	28353.936659	S	0.000890
00544395600932	28353.937549	W	0.055170
00544396660196	28353.992719	S	0.116289
00544398892940	28354.109007	W	0.013998
00544399161708	28354.123006	S	0.014619
00544399442388	28354.137624	W	0.005347
00544399545060	28354.142972	S	9.786248
00544587441028	28363.929220	W	0.005613
00544587548804	28363.934834	S	0.000966
00544587567344	28363.935799	W	0.186204
00544591142452	28364.122003	S	0.012643
00544591385204	28364.134646	W	0.014792
00544591669212	28364.149438	S	0.237537
00544596229916	28364.386975	W	0.007343
00544596370892	28364.394317	S	0.011088
00544596583788	28364.405406	W	0.289810
00544602148140	28364.695216	S	0.012634
00544602390704	28364.707849	W	0.015114
00544602680892	28364.722963	S	0.449525
00544611311768	28365.172488	W	0.005787
00544611422876	28365.178275	S	0.000945
00544611441012	28365.179219	W	0.373920
00544618620276	28365.553139	S	0.014210
00544618893108	28365.567349	W	0.015245
00544619185812	28365.582594	S	1.680312
00544651447804	28367.262906	W	0.006849
00544651579304	28367.269755	S	0.025766
00544652074020	28367.295522	W	0.005407
00544652177832	28367.300929	S	0.000667
00544652190644	28367.301596	W	0.369708
00544659289044	28367.671304	S	0.015576
00544659588112	28367.686881	W	0.005128
00544659686564	28367.692009	S	65.780415
00545922670540	28433.472424	W	0.004732
00545922761396	28433.477156	S	0.001480
00545922789812	28433.478636	W	0.482770
00545932059004	28433.961406	S	0.020583
00545932454200	28433.981990	W	0.004964
00545932549512	28433.986954	S	10.029004
00546125106388	28444.015958	W	0.004682
00546125196280	28444.020640	S	0.001566
00546125226348	28444.022206	W	0.759898
00546139816384	28444.782103	S	0.019439
00546140189616	28444.801543	W	0.013865
00546140455824	28444.815407	S	33.284081
00546779510172	28478.099488	W	0.005640
00546779618460	28478.105128	S	0.000679
00546779631488	28478.105807	W	0.086871
00546781299412	28478.192678	S	1.765663
00546815200148	28479.958341	W	0.015160
00546815491224	28479.973501	S	0.016623
00546815810384	28479.990124	W	0.015317
00546816104464	28480.005441	S	0.455738
00546824854640	28480.461179	W	0.005596
00546824962088	28480.466775	S	0.000642
00546824974424	28480.467418	W	0.125519
00546827384396	28480.592937	S	0.203987
00546831300940	28480.796924	W	0.015108
00546831591012	28480.812032	S	0.019139
00546831958484	28480.831171	W	0.015098
00546832248360	28480.846269	S	11.979178
00547062248568	28492.825446	W	0.005731
00547062358600	28492.831177	S	0.000703
00547062372100	28492.831880	W	0.164765
00547065535596	28492.996646	S	0.008830
00547065705132	28493.005476	W	0.006479
00547065829528	28493.011955	S	2.048974
00547105169828	28495.060929	W	0.005591
00547105277168	28495.066519	S	0.000708
00547105290756	28495.067227	W	0.125578
00547107701856	28495.192805	S	0.518551
00547117658044	28495.711356	W	0.014259
00547117931820	28495.725616	S	0.015312
00547118225816	28495.740928	W	0.005517
00547118331752	28495.746445	S	29.235363
00547679650728	28524.981809	W	0.005449
00547679755352	28524.987258	S	0.000639
00547679767612	28524.987896	W	0.160936
00547682857580	28525.148832	S	0.006493
00547682982252	28525.155326	W	0.015158
00547683273284	28525.170484	S	2.872920
00547738433356	28528.043404	W	0.005559
00547738540084	28528.048963	S	0.000806
00547738555552	28528.049768	W	0.331620
00547744922656	28528.381388	S	0.000828
00547744938560	28528.382217	W	0.009499
00547745120932	28528.391715	S	10.210116
00547941155164	28538.601831	W	0.005526
00547941261272	28538.607358	S	0.000682
00547941274372	28538.608040	W	0.161717
00547944379348	28538.769758	S	0.012034
00547944610408	28538.781792	W	0.015244
00547944903092	28538.797036	S	2.111230
00547985438704	28540.908266	W	0.005687
00547985547900	28540.913953	S	0.000682
00547985561004	28540.914636	W	0.077955
00547987057736	28540.992590	S	0.581769
00547998227704	28541.574360	W	0.014156
00547998499492	28541.588515	S	0.001778
00547998533624	28541.590293	W	0.016085
00547998842456	28541.606378	S	25.869377
00548495534500	28567.475755	W	0.004613
00548495623064	28567.480368	S	0.001489
00548495651656	28567.481857	W	0.156635
00548498659044	28567.638492	S	0.026485
00548499167564	28567.664977	W	0.005607
00548499275224	28567.670585	S	118.231406
00550769318216	28685.901990	W	0.004656
00550769407616	28685.906647	S	0.001526
00550769436924	28685.908173	W	0.484380
00550778737024	28686.392553	S	17.147062
00551107960620	28703.539616	W	0.013774
00551108225072	28703.553389	S	61.425777
00552287599984	28764.979166	W	0.013774
00552287864440	28764.992940	S	61.429824
00553467317052	28826.422763	W	0.013979
00553467585444	28826.436742	S	61.423364
00554646914040	28887.860106	W	0.013996
00554647182764	28887.874102	S	37.063399
00555358800020	28924.937501	W	0.027656
00555359331024	28924.965157	S	0.018212
00555359680688	28924.983369	W	0.014489
00555359958872	28924.997858	S	0.280119
00555365337148	28925.277976	W	0.015601
00555365636688	28925.293578	S	10.696902
00555571017212	28935.990480	W	0.410102
00555578891168	28936.400582	S	17.775877
00555920188016	28954.176459	W	15.173666
00556211522396	28969.350125	S	0.578702
00556222633472	28969.928827	W	0.030767
00556223224196	28969.959594	S	0.314596
00556229264444	28970.274190	W	0.015677
00556229565436	28970.289866	S	4.634971
00556318556876	28974.924837	W	0.054113
00556319595840	28974.978950	S	0.002091
00556319635992	28974.981041	W	0.014853
00556319921164	28974.995894	S	0.285847
00556325409420	28975.281741	W	0.015324
00556325703648	28975.297065	S	25.358283
00556812582688	29000.655348	W	0.015567
00556812881580	29000.670916	S	14.163873
00557084827940	29014.834789	W	0.014291
00557085102320	29014.849079	S	61.428469
00558264528924	29076.277548	W	0.013598
00558264790000	29076.291146	S	19.167327
00558632802688	29095.458473	W	0.117024
00558635049556	29095.575498	S	0.423542
00558643181568	29095.999040	W	0.015610
00558643481288	29096.014650	S	41.702266
00559444164804	29137.716917	W	0.013757
00559444428932	29137.730674	S	61.426367
00560623815188	29199.157041	W	0.013830
00560624080728	29199.170871	S	61.437986
00561803690068	29260.608858	W	0.013658
00561803952304	29260.622516	S	61.412731
00562983076748	29322.035247	W	0.013652
00562983338868	29322.048899	S	61.462708
00564163422868	29383.511608	W	0.013651
00564163684968	29383.525259	S	61.391330
00565342398508	29444.916589	W	0.013790
00565342663280	29444.930379	S	61.426673
00566522055392	29506.357052	W	0.013763
00566522319632	29506.370814	S	61.425425
00567701687792	29567.796239	W	0.014868
00567701973256	29567.811107	S	61.475676
00568882306244	29629.286784	W	0.014577
00568882586128	29629.301361	S	9.645328
00569067776420	29638.946689	W	0.116025
00569070004100	29639.062714	S	0.695407
00569083355908	29639.758120	W	0.015860
00569083660424	29639.773980	S	50.900025
00570060940904	29690.674005	W	0.014542
00570061220116	29690.688548	S	 - 

End : 973674308, 29714.181793sec
